2,52,512|北京-北京-昌平区
2,52,513|北京-北京-怀柔区
2,52,514|北京-北京-平谷区
2,52,515|北京-北京-大兴区
2,52,516|北京-北京-密云区
2,52,517|北京-北京-延庆区
2,52,500|北京-北京-东城区
2,52,501|北京-北京-西城区
2,52,502|北京-北京-海淀区
2,52,503|北京-北京-朝阳区
2,52,504|北京-北京-崇文区
2,52,505|北京-北京-宣武区
2,52,506|北京-北京-丰台区
2,52,507|北京-北京-石景山区
2,52,508|北京-北京-房山区
2,52,509|北京-北京-门头沟区
2,52,510|北京-北京-通州区
2,52,511|北京-北京-顺义区
3,36,400|安徽-安庆-宜秀区
3,36,401|安徽-安庆-桐城市
3,36,402|安徽-安庆-怀宁县
3,36,403|安徽-安庆-枞阳县
3,36,404|安徽-安庆-潜山市
3,36,405|安徽-安庆-太湖县
3,36,406|安徽-安庆-宿松县
3,36,407|安徽-安庆-望江县
3,36,408|安徽-安庆-岳西县
3,36,398|安徽-安庆-迎江区
3,36,399|安徽-安庆-大观区
3,37,3509|安徽-蚌埠-龙子湖区
3,37,3462|安徽-蚌埠-淮上区
3,37,3463|安徽-蚌埠-禹会区
3,37,3464|安徽-蚌埠-蚌山区
3,37,409|安徽-蚌埠-中市区
3,37,410|安徽-蚌埠-东市区
3,37,411|安徽-蚌埠-西市区
3,37,412|安徽-蚌埠-郊区
3,37,413|安徽-蚌埠-怀远县
3,37,414|安徽-蚌埠-五河县
3,37,415|安徽-蚌埠-固镇县
3,39,421|安徽-池州-贵池区
3,39,422|安徽-池州-东至县
3,39,423|安徽-池州-石台县
3,39,424|安徽-池州-青阳县
3,40,432|安徽-滁州-凤阳县
3,40,425|安徽-滁州-琅琊区
3,40,426|安徽-滁州-南谯区
3,40,427|安徽-滁州-天长市
3,40,428|安徽-滁州-明光市
3,40,429|安徽-滁州-来安县
3,40,430|安徽-滁州-全椒县
3,40,431|安徽-滁州-定远县
3,3401,416|安徽-合肥-居巢区
3,3401,3408|安徽-合肥-肥西县
3,3401,38|安徽-合肥-巢湖市
3,3401,3402|安徽-合肥-庐阳区
3,3401,3403|安徽-合肥-瑶海区
3,3401,3404|安徽-合肥-蜀山区
3,3401,3405|安徽-合肥-包河区
3,3401,3406|安徽-合肥-长丰县
3,3401,3438|安徽-合肥-庐江县
3,3401,3407|安徽-合肥-肥东县
3,41,437|安徽-阜阳-颍州区
3,41,438|安徽-阜阳-颍东区
3,41,439|安徽-阜阳-颍泉区
3,41,440|安徽-阜阳-界首市
3,41,441|安徽-阜阳-临泉县
3,41,442|安徽-阜阳-太和县
3,41,443|安徽-阜阳-阜南县
3,41,444|安徽-阜阳-颍上县
3,42,448|安徽-淮北-濉溪县
3,42,445|安徽-淮北-相山区
3,42,446|安徽-淮北-杜集区
3,42,447|安徽-淮北-烈山区
3,43,449|安徽-淮南-田家庵区
3,43,450|安徽-淮南-大通区
3,43,451|安徽-淮南-谢家集区
3,43,452|安徽-淮南-八公山区
3,43,453|安徽-淮南-潘集区
3,43,454|安徽-淮南-凤台县
3,43,4191|安徽-淮南-寿县
3,44,455|安徽-黄山-屯溪区
3,44,456|安徽-黄山-黄山区
3,44,457|安徽-黄山-徽州区
3,44,458|安徽-黄山-歙县
3,44,459|安徽-黄山-休宁县
3,44,460|安徽-黄山-黟县
3,44,461|安徽-黄山-祁门县
3,45,464|安徽-六安-寿县
3,45,465|安徽-六安-霍邱县
3,45,466|安徽-六安-舒城县
3,45,467|安徽-六安-金寨县
3,45,468|安徽-六安-霍山县
3,45,462|安徽-六安-金安区
3,45,463|安徽-六安-裕安区
3,46,419|安徽-马鞍山-含山县
3,46,420|安徽-马鞍山-和县
3,46,469|安徽-马鞍山-雨山区
3,46,3413|安徽-马鞍山-博望区
3,46,470|安徽-马鞍山-花山区
3,46,471|安徽-马鞍山-金家庄区
3,46,472|安徽-马鞍山-当涂县
3,47,473|安徽-宿州-埇桥区
3,47,474|安徽-宿州-砀山县
3,47,475|安徽-宿州-萧县
3,47,476|安徽-宿州-灵璧县
3,47,477|安徽-宿州-泗县
3,48,480|安徽-铜陵-郊区
3,48,481|安徽-铜陵-义安区
3,48,478|安徽-铜陵-铜官区
3,48,479|安徽-铜陵-狮子山区
3,49,418|安徽-芜湖-无为县
3,49,482|安徽-芜湖-镜湖区
3,49,483|安徽-芜湖-弋江区
3,49,484|安徽-芜湖-鸠江区
3,49,485|安徽-芜湖-三山区
3,49,486|安徽-芜湖-芜湖县
3,49,487|安徽-芜湖-繁昌县
3,49,488|安徽-芜湖-南陵县
3,50,489|安徽-宣城-宣州区
3,50,490|安徽-宣城-宁国市
3,50,491|安徽-宣城-郎溪县
3,50,492|安徽-宣城-广德县
3,50,493|安徽-宣城-泾县
3,50,494|安徽-宣城-绩溪县
3,50,495|安徽-宣城-旌德县
3,51,496|安徽-亳州-涡阳县
3,51,497|安徽-亳州-蒙城县
3,51,498|安徽-亳州-利辛县
3,51,499|安徽-亳州-谯城区
4,53,518|福建-福州-鼓楼区
4,53,519|福建-福州-台江区
4,53,520|福建-福州-仓山区
4,53,521|福建-福州-马尾区
4,53,522|福建-福州-晋安区
4,53,523|福建-福州-福清市
4,53,524|福建-福州-长乐区
4,53,525|福建-福州-闽侯县
4,53,526|福建-福州-连江县
4,53,527|福建-福州-罗源县
4,53,528|福建-福州-闽清县
4,53,529|福建-福州-永泰县
4,53,530|福建-福州-平潭县
4,54,531|福建-龙岩-新罗区
4,54,532|福建-龙岩-漳平市
4,54,533|福建-龙岩-长汀县
4,54,534|福建-龙岩-永定区
4,54,535|福建-龙岩-上杭县
4,54,536|福建-龙岩-武平县
4,54,537|福建-龙岩-连城县
4,55,544|福建-南平-浦城县
4,55,545|福建-南平-光泽县
4,55,546|福建-南平-松溪县
4,55,547|福建-南平-政和县
4,55,538|福建-南平-延平区
4,55,539|福建-南平-邵武市
4,55,540|福建-南平-武夷山市
4,55,541|福建-南平-建瓯市
4,55,542|福建-南平-建阳区
4,55,543|福建-南平-顺昌县
4,56,548|福建-宁德-蕉城区
4,56,549|福建-宁德-福安市
4,56,550|福建-宁德-福鼎市
4,56,551|福建-宁德-霞浦县
4,56,552|福建-宁德-古田县
4,56,553|福建-宁德-屏南县
4,56,554|福建-宁德-寿宁县
4,56,555|福建-宁德-周宁县
4,56,556|福建-宁德-柘荣县
4,57,560|福建-莆田-秀屿区
4,57,561|福建-莆田-仙游县
4,57,557|福建-莆田-城厢区
4,57,558|福建-莆田-涵江区
4,57,559|福建-莆田-荔城区
4,58,562|福建-泉州-鲤城区
4,58,563|福建-泉州-丰泽区
4,58,564|福建-泉州-洛江区
4,58,565|福建-泉州-市辖区
4,58,566|福建-泉州-泉港区
4,58,567|福建-泉州-石狮市
4,58,568|福建-泉州-晋江市
4,58,569|福建-泉州-南安市
4,58,570|福建-泉州-惠安县
4,58,571|福建-泉州-安溪县
4,58,572|福建-泉州-永春县
4,58,573|福建-泉州-德化县
4,58,574|福建-泉州-金门县
4,59,576|福建-三明-三元区
4,59,577|福建-三明-永安市
4,59,578|福建-三明-明溪县
4,59,579|福建-三明-清流县
4,59,580|福建-三明-宁化县
4,59,581|福建-三明-大田县
4,59,582|福建-三明-尤溪县
4,59,583|福建-三明-沙县
4,59,584|福建-三明-将乐县
4,59,585|福建-三明-泰宁县
4,59,586|福建-三明-建宁县
4,59,575|福建-三明-梅列区
4,60,592|福建-厦门-翔安区
4,60,587|福建-厦门-思明区
4,60,588|福建-厦门-海沧区
4,60,589|福建-厦门-湖里区
4,60,590|福建-厦门-集美区
4,60,591|福建-厦门-同安区
4,61,593|福建-漳州-芗城区
4,61,594|福建-漳州-龙文区
4,61,595|福建-漳州-龙海市
4,61,596|福建-漳州-云霄县
4,61,597|福建-漳州-漳浦县
4,61,598|福建-漳州-诏安县
4,61,599|福建-漳州-长泰县
4,61,600|福建-漳州-东山县
4,61,601|福建-漳州-南靖县
4,61,602|福建-漳州-平和县
4,61,603|福建-漳州-华安县
5,64,624|甘肃-定西-安定区
5,64,617|甘肃-定西-临洮县
5,64,618|甘肃-定西-陇西县
5,64,619|甘肃-定西-通渭县
5,64,620|甘肃-定西-渭源县
5,64,621|甘肃-定西-漳县
5,64,622|甘肃-定西-岷县
5,65,625|甘肃-甘南-合作市
5,65,626|甘肃-甘南-临潭县
5,65,627|甘肃-甘南-卓尼县
5,65,628|甘肃-甘南-舟曲县
5,65,629|甘肃-甘南-迭部县
5,65,630|甘肃-甘南-玛曲县
5,65,631|甘肃-甘南-碌曲县
5,65,632|甘肃-甘南-夏河县
5,66,3473|甘肃-嘉峪关-长城区
5,66,3474|甘肃-嘉峪关-雄关区
5,66,3475|甘肃-嘉峪关-镜铁区
5,66,633|甘肃-嘉峪关-市辖区
5,67,634|甘肃-金昌-金川区
5,67,635|甘肃-金昌-永昌县
5,68,640|甘肃-酒泉-瓜州县
5,68,641|甘肃-酒泉-肃北蒙古族自治县
5,68,642|甘肃-酒泉-阿克塞哈萨克族自治县
5,68,636|甘肃-酒泉-肃州区
5,68,637|甘肃-酒泉-玉门市
5,68,638|甘肃-酒泉-敦煌市
5,68,639|甘肃-酒泉-金塔县
5,69,643|甘肃-临夏-临夏市
5,69,644|甘肃-临夏-临夏县
5,69,645|甘肃-临夏-康乐县
5,69,646|甘肃-临夏-永靖县
5,69,647|甘肃-临夏-广河县
5,69,648|甘肃-临夏-和政县
5,69,649|甘肃-临夏-东乡族自治县
5,69,650|甘肃-临夏-积石山保安族东乡族撒拉族自治县
5,70,656|甘肃-陇南-文县
5,70,657|甘肃-陇南-西和县
5,70,658|甘肃-陇南-宕昌县
5,70,659|甘肃-陇南-武都区
5,70,651|甘肃-陇南-成县
5,70,652|甘肃-陇南-徽县
5,70,653|甘肃-陇南-康县
5,70,654|甘肃-陇南-礼县
5,70,655|甘肃-陇南-两当县
5,71,660|甘肃-平凉-崇信县
5,71,661|甘肃-平凉-华亭县
5,71,662|甘肃-平凉-静宁县
5,71,663|甘肃-平凉-灵台县
5,71,664|甘肃-平凉-崆峒区
5,71,665|甘肃-平凉-庄浪县
5,71,666|甘肃-平凉-泾川县
5,72,672|甘肃-庆阳-西峰区
5,72,673|甘肃-庆阳-镇原县
5,72,674|甘肃-庆阳-正宁县
5,72,667|甘肃-庆阳-合水县
5,72,668|甘肃-庆阳-华池县
5,72,669|甘肃-庆阳-环县
5,72,670|甘肃-庆阳-宁县
5,72,671|甘肃-庆阳-庆城县
5,73,675|甘肃-天水-甘谷县
5,73,676|甘肃-天水-秦安县
5,73,677|甘肃-天水-清水县
5,73,678|甘肃-天水-秦州区
5,73,679|甘肃-天水-麦积区
5,73,680|甘肃-天水-武山县
5,73,681|甘肃-天水-张家川回族自治县
5,74,682|甘肃-武威-古浪县
5,74,683|甘肃-武威-民勤县
5,74,684|甘肃-武威-天祝藏族自治县
5,74,685|甘肃-武威-凉州区
5,75,688|甘肃-张掖-民乐县
5,75,689|甘肃-张掖-山丹县
5,75,690|甘肃-张掖-肃南裕固族自治县
5,75,691|甘肃-张掖-甘州区
5,75,686|甘肃-张掖-高台县
5,75,687|甘肃-张掖-临泽县
5,62,608|甘肃-兰州-安宁区
5,62,609|甘肃-兰州-红古区
5,62,610|甘肃-兰州-永登县
5,62,611|甘肃-兰州-榆中县
5,62,604|甘肃-兰州-皋兰县
5,62,605|甘肃-兰州-城关区
5,62,606|甘肃-兰州-七里河区
5,62,607|甘肃-兰州-西固区
5,63,612|甘肃-白银-白银区
5,63,613|甘肃-白银-平川区
5,63,614|甘肃-白银-会宁县
5,63,615|甘肃-白银-景泰县
5,63,616|甘肃-白银-靖远县
6,96,850|广东-珠海-香洲区
6,96,851|广东-珠海-斗门区
6,96,852|广东-珠海-金湾区
6,76,704|广东-广州-市郊
6,76,692|广东-广州-从化市
6,76,3476|广东-广州-南沙区
6,76,693|广东-广州-天河区
6,76,694|广东-广州-东山区
6,76,695|广东-广州-白云区
6,76,696|广东-广州-海珠区
6,76,697|广东-广州-荔湾区
6,76,698|广东-广州-越秀区
6,76,699|广东-广州-黄埔区
6,76,700|广东-广州-番禺区
6,76,701|广东-广州-花都区
6,76,702|广东-广州-增城区
6,76,703|广东-广州-从化区
6,77,705|广东-深圳-福田区
6,77,706|广东-深圳-罗湖区
6,77,4178|广东-深圳-光明区
6,77,707|广东-深圳-南山区
6,77,4195|广东-深圳-大鹏新区
6,77,708|广东-深圳-宝安区
6,77,709|广东-深圳-龙岗区
6,77,4165|广东-深圳-坪山区
6,77,710|广东-深圳-盐田区
6,77,4166|广东-深圳-龙华区
6,78,711|广东-潮州-湘桥区
6,78,712|广东-潮州-潮安区
6,78,713|广东-潮州-饶平县
6,79,714|广东-东莞-南城街道
6,79,715|广东-东莞-东城街道
6,79,716|广东-东莞-万江街道
6,79,717|广东-东莞-莞城街道
6,79,718|广东-东莞-石龙镇
6,79,719|广东-东莞-虎门镇
6,79,720|广东-东莞-麻涌镇
6,79,721|广东-东莞-道滘镇
6,79,722|广东-东莞-石碣镇
6,79,723|广东-东莞-沙田镇
6,79,724|广东-东莞-望牛墩镇
6,79,725|广东-东莞-洪梅镇
6,79,726|广东-东莞-茶山镇
6,79,727|广东-东莞-寮步镇
6,79,728|广东-东莞-大岭山镇
6,79,729|广东-东莞-大朗镇
6,79,730|广东-东莞-黄江镇
6,79,731|广东-东莞-樟木头
6,79,732|广东-东莞-凤岗镇
6,79,733|广东-东莞-塘厦镇
6,79,734|广东-东莞-谢岗镇
6,79,735|广东-东莞-厚街镇
6,79,736|广东-东莞-清溪镇
6,79,737|广东-东莞-常平镇
6,79,738|广东-东莞-桥头镇
6,79,739|广东-东莞-横沥镇
6,79,740|广东-东莞-东坑镇
6,79,741|广东-东莞-企石镇
6,79,742|广东-东莞-石排镇
6,79,743|广东-东莞-长安镇
6,79,744|广东-东莞-中堂镇
6,79,745|广东-东莞-高埗镇
6,80,746|广东-佛山-禅城区
6,80,747|广东-佛山-南海区
6,80,748|广东-佛山-顺德区
6,80,749|广东-佛山-三水区
6,80,750|广东-佛山-高明区
6,81,752|广东-河源-和平县
6,81,753|广东-河源-源城区
6,81,754|广东-河源-连平县
6,81,755|广东-河源-龙川县
6,81,756|广东-河源-紫金县
6,81,751|广东-河源-东源县
6,82,757|广东-惠州-惠阳区
6,82,758|广东-惠州-惠城区
6,82,759|广东-惠州-大亚湾
6,82,760|广东-惠州-博罗县
6,82,761|广东-惠州-惠东县
6,82,762|广东-惠州-龙门县
6,83,768|广东-江门-鹤山市
6,83,769|广东-江门-恩平市
6,83,763|广东-江门-江海区
6,83,764|广东-江门-蓬江区
6,83,765|广东-江门-新会区
6,83,766|广东-江门-台山市
6,83,767|广东-江门-开平市
6,84,770|广东-揭阳-榕城区
6,84,771|广东-揭阳-普宁市
6,84,772|广东-揭阳-揭东区
6,84,773|广东-揭阳-揭西县
6,84,774|广东-揭阳-惠来县
6,85,775|广东-茂名-茂南区
6,85,776|广东-茂名-茂港区
6,85,777|广东-茂名-高州市
6,85,778|广东-茂名-化州市
6,85,779|广东-茂名-信宜市
6,85,780|广东-茂名-电白区
6,86,784|广东-梅州-大埔县
6,86,785|广东-梅州-丰顺县
6,86,786|广东-梅州-五华县
6,86,787|广东-梅州-平远县
6,86,788|广东-梅州-蕉岭县
6,86,781|广东-梅州-梅县区
6,86,782|广东-梅州-梅江区
6,86,783|广东-梅州-兴宁市
6,87,789|广东-清远-清城区
6,87,790|广东-清远-英德市
6,87,791|广东-清远-连州市
6,87,792|广东-清远-佛冈县
6,87,793|广东-清远-阳山县
6,87,794|广东-清远-清新区
6,87,795|广东-清远-连山壮族瑶族自治县
6,87,796|广东-清远-连南瑶族自治县
6,88,800|广东-汕头-龙湖区
6,88,801|广东-汕头-金平区
6,88,802|广东-汕头-濠江区
6,88,803|广东-汕头-潮南区
6,88,797|广东-汕头-南澳县
6,88,798|广东-汕头-潮阳区
6,88,799|广东-汕头-澄海区
6,89,804|广东-汕尾-城区
6,89,805|广东-汕尾-陆丰市
6,89,806|广东-汕尾-海丰县
6,89,807|广东-汕尾-陆河县
6,90,816|广东-韶关-翁源县
6,90,817|广东-韶关-新丰县
6,90,818|广东-韶关-乳源瑶族自治县
6,90,808|广东-韶关-曲江县
6,90,809|广东-韶关-浈江区
6,90,810|广东-韶关-武江区
6,90,811|广东-韶关-曲江区
6,90,812|广东-韶关-乐昌市
6,90,813|广东-韶关-南雄市
6,90,814|广东-韶关-始兴县
6,90,815|广东-韶关-仁化县
6,91,819|广东-阳江-江城区
6,91,820|广东-阳江-阳春市
6,91,821|广东-阳江-阳西县
6,91,822|广东-阳江-阳东区
6,92,823|广东-云浮-云城区
6,92,824|广东-云浮-罗定市
6,92,825|广东-云浮-新兴县
6,92,826|广东-云浮-郁南县
6,92,827|广东-云浮-云安区
6,93,832|广东-湛江-廉江市
6,93,833|广东-湛江-雷州市
6,93,834|广东-湛江-吴川市
6,93,835|广东-湛江-遂溪县
6,93,836|广东-湛江-徐闻县
6,93,828|广东-湛江-赤坎区
6,93,829|广东-湛江-霞山区
6,93,830|广东-湛江-坡头区
6,93,831|广东-湛江-麻章区
6,94,837|广东-肇庆-市辖区
6,94,838|广东-肇庆-高要区
6,94,839|广东-肇庆-四会市
6,94,840|广东-肇庆-广宁县
6,94,3496|广东-肇庆-鼎湖区
6,94,841|广东-肇庆-怀集县
6,94,3497|广东-肇庆-端州区
6,94,842|广东-肇庆-封开县
6,94,843|广东-肇庆-德庆县
6,95,3456|广东-中山-小榄镇
6,95,3457|广东-中山-东凤镇
6,95,3458|广东-中山-南头镇
6,95,3459|广东-中山-阜沙镇
6,95,3460|广东-中山-黄圃镇
6,95,3461|广东-中山-大涌镇
6,95,844|广东-中山-石岐街道
6,95,845|广东-中山-东区街道
6,95,846|广东-中山-西区街道
6,95,847|广东-中山-南区街道
6,95,848|广东-中山-中山火炬高技术产业开发区
6,95,849|广东-中山-五桂山街道
6,95,3444|广东-中山-坦洲镇
6,95,3445|广东-中山-神湾镇
6,95,3446|广东-中山-板芙镇
6,95,3447|广东-中山-三乡镇
6,95,3448|广东-中山-沙溪镇
6,95,3449|广东-中山-港口镇
6,95,3450|广东-中山-南朗镇
6,95,3451|广东-中山-民众镇
6,95,3452|广东-中山-三角镇
6,95,3453|广东-中山-横栏镇
6,95,3454|广东-中山-古镇镇
6,95,3455|广东-中山-东升镇
7,97,864|广西-南宁-横县
7,97,853|广西-南宁-邕宁区
7,97,854|广西-南宁-青秀区
7,97,855|广西-南宁-兴宁区
7,97,856|广西-南宁-良庆区
7,97,857|广西-南宁-西乡塘区
7,97,858|广西-南宁-江南区
7,97,859|广西-南宁-武鸣区
7,97,860|广西-南宁-隆安县
7,97,861|广西-南宁-马山县
7,97,862|广西-南宁-上林县
7,97,863|广西-南宁-宾阳县
7,98,865|广西-桂林-秀峰区
7,98,866|广西-桂林-叠彩区
7,98,867|广西-桂林-象山区
7,98,868|广西-桂林-七星区
7,98,869|广西-桂林-雁山区
7,98,870|广西-桂林-阳朔县
7,98,871|广西-桂林-临桂区
7,98,872|广西-桂林-灵川县
7,98,873|广西-桂林-全州县
7,98,874|广西-桂林-平乐县
7,98,875|广西-桂林-兴安县
7,98,876|广西-桂林-灌阳县
7,98,877|广西-桂林-荔浦县
7,98,878|广西-桂林-资源县
7,98,879|广西-桂林-永福县
7,98,880|广西-桂林-龙胜各族自治县
7,98,881|广西-桂林-恭城瑶族自治县
7,99,882|广西-百色-右江区
7,99,883|广西-百色-凌云县
7,99,884|广西-百色-平果县
7,99,885|广西-百色-西林县
7,99,886|广西-百色-乐业县
7,99,887|广西-百色-德保县
7,99,888|广西-百色-田林县
7,99,889|广西-百色-田阳县
7,99,890|广西-百色-靖西市
7,99,891|广西-百色-田东县
7,99,892|广西-百色-那坡县
7,99,893|广西-百色-隆林各族自治县
7,100,896|广西-北海-铁山港区
7,100,897|广西-北海-合浦县
7,100,894|广西-北海-海城区
7,100,895|广西-北海-银海区
7,101,898|广西-崇左-江州区
7,101,899|广西-崇左-凭祥市
7,101,900|广西-崇左-宁明县
7,101,901|广西-崇左-扶绥县
7,101,902|广西-崇左-龙州县
7,101,903|广西-崇左-大新县
7,101,904|广西-崇左-天等县
7,102,905|广西-防城港-港口区
7,102,906|广西-防城港-防城区
7,102,907|广西-防城港-东兴市
7,102,908|广西-防城港-上思县
7,103,912|广西-贵港-桂平市
7,103,913|广西-贵港-平南县
7,103,909|广西-贵港-港北区
7,103,910|广西-贵港-港南区
7,103,911|广西-贵港-覃塘区
7,104,914|广西-河池-金城江区
7,104,915|广西-河池-宜州市
7,104,916|广西-河池-天峨县
7,104,917|广西-河池-凤山县
7,104,918|广西-河池-南丹县
7,104,919|广西-河池-东兰县
7,104,920|广西-河池-都安瑶族自治县
7,104,921|广西-河池-罗城仫佬族自治县
7,104,922|广西-河池-巴马瑶族自治县
7,104,923|广西-河池-环江毛南族自治县
7,104,924|广西-河池-大化瑶族自治县
7,105,928|广西-贺州-富川瑶族自治县
7,105,3850|广西-贺州-平桂区
7,105,925|广西-贺州-八步区
7,105,926|广西-贺州-钟山县
7,105,927|广西-贺州-昭平县
7,106,929|广西-来宾-兴宾区
7,106,930|广西-来宾-合山市
7,106,931|广西-来宾-象州县
7,106,932|广西-来宾-武宣县
7,106,933|广西-来宾-忻城县
7,106,934|广西-来宾-金秀瑶族自治县
7,107,944|广西-柳州-三江侗族自治县
7,107,935|广西-柳州-城中区
7,107,936|广西-柳州-鱼峰区
7,107,937|广西-柳州-柳北区
7,107,938|广西-柳州-柳南区
7,107,939|广西-柳州-柳江区
7,107,940|广西-柳州-柳城县
7,107,941|广西-柳州-鹿寨县
7,107,942|广西-柳州-融安县
7,107,943|广西-柳州-融水苗族自治县
7,108,945|广西-钦州-钦南区
7,108,946|广西-钦州-钦北区
7,108,947|广西-钦州-灵山县
7,108,948|广西-钦州-浦北县
7,109,949|广西-梧州-万秀区
7,109,950|广西-梧州-蝶山区
7,109,951|广西-梧州-长洲区
7,109,952|广西-梧州-岑溪市
7,109,953|广西-梧州-苍梧县
7,109,954|广西-梧州-藤县
7,109,955|广西-梧州-蒙山县
7,109,3852|广西-梧州-龙圩区
7,110,960|广西-玉林-博白县
7,110,961|广西-玉林-兴业县
7,110,4197|广西-玉林-福绵区
7,110,956|广西-玉林-玉州区
7,110,957|广西-玉林-北流市
7,110,958|广西-玉林-容县
7,110,959|广西-玉林-陆川县
8,112,976|贵州-安顺-镇宁布依族苗族自治县
8,112,977|贵州-安顺-紫云苗族布依族自治县
8,112,978|贵州-安顺-平坝区
8,112,979|贵州-安顺-普定县
8,112,974|贵州-安顺-西秀区
8,112,975|贵州-安顺-关岭布依族苗族自治县
8,113,3490|贵州-毕节-七星关区
8,113,981|贵州-毕节-大方县
8,113,982|贵州-毕节-黔西县
8,113,983|贵州-毕节-金沙县
8,113,984|贵州-毕节-织金县
8,113,985|贵州-毕节-纳雍县
8,113,986|贵州-毕节-赫章县
8,113,987|贵州-毕节-威宁彝族回族苗族自治县
8,114,988|贵州-六盘水-钟山区
8,114,989|贵州-六盘水-六枝特区
8,114,990|贵州-六盘水-水城县
8,114,991|贵州-六盘水-盘州市
8,115,992|贵州-黔东南-凯里市
8,115,993|贵州-黔东南-黄平县
8,115,994|贵州-黔东南-施秉县
8,115,995|贵州-黔东南-三穗县
8,115,996|贵州-黔东南-镇远县
8,115,997|贵州-黔东南-岑巩县
8,115,998|贵州-黔东南-天柱县
8,115,999|贵州-黔东南-锦屏县
8,115,1000|贵州-黔东南-剑河县
8,115,1001|贵州-黔东南-台江县
8,115,1002|贵州-黔东南-黎平县
8,115,1003|贵州-黔东南-榕江县
8,115,1004|贵州-黔东南-从江县
8,115,1005|贵州-黔东南-雷山县
8,115,1006|贵州-黔东南-麻江县
8,115,1007|贵州-黔东南-丹寨县
8,116,1008|贵州-黔南-都匀市
8,116,1009|贵州-黔南-福泉市
8,116,1010|贵州-黔南-荔波县
8,116,1011|贵州-黔南-贵定县
8,116,1012|贵州-黔南-瓮安县
8,116,1013|贵州-黔南-独山县
8,116,1014|贵州-黔南-平塘县
8,116,1015|贵州-黔南-罗甸县
8,116,1016|贵州-黔南-长顺县
8,116,1017|贵州-黔南-龙里县
8,116,1018|贵州-黔南-惠水县
8,116,1019|贵州-黔南-三都水族自治县
8,117,1024|贵州-黔西南-贞丰县
8,117,1025|贵州-黔西南-望谟县
8,117,1026|贵州-黔西南-册亨县
8,117,1027|贵州-黔西南-安龙县
8,117,1020|贵州-黔西南-兴义市
8,117,1021|贵州-黔西南-兴仁县
8,117,1022|贵州-黔西南-普安县
8,117,1023|贵州-黔西南-晴隆县
8,118,3491|贵州-铜仁-碧江区
8,118,1028|贵州-铜仁-市辖区
8,118,1029|贵州-铜仁-江口县
8,118,1030|贵州-铜仁-石阡县
8,118,1031|贵州-铜仁-思南县
8,118,1032|贵州-铜仁-德江县
8,118,1033|贵州-铜仁-玉屏侗族自治县
8,118,1034|贵州-铜仁-印江土家族苗族自治县
8,118,1035|贵州-铜仁-沿河土家族自治县
8,118,1036|贵州-铜仁-松桃苗族自治县
8,118,1037|贵州-铜仁-万山区
8,119,1038|贵州-遵义-红花岗区
8,119,1039|贵州-遵义-务川仡佬族苗族自治县
8,119,1040|贵州-遵义-道真仡佬族苗族自治县
8,119,1041|贵州-遵义-汇川区
8,119,1042|贵州-遵义-赤水市
8,119,1043|贵州-遵义-仁怀市
8,119,1044|贵州-遵义-播州区
8,119,1045|贵州-遵义-桐梓县
8,119,1046|贵州-遵义-绥阳县
8,119,1047|贵州-遵义-正安县
8,119,1048|贵州-遵义-凤冈县
8,119,1049|贵州-遵义-湄潭县
8,119,1050|贵州-遵义-余庆县
8,119,1051|贵州-遵义-习水县
8,119,1052|贵州-遵义-道真
8,119,1053|贵州-遵义-务川
8,111,962|贵州-贵阳-南明区
8,111,963|贵州-贵阳-云岩区
8,111,964|贵州-贵阳-花溪区
8,111,3492|贵州-贵阳-观山湖区
8,111,965|贵州-贵阳-乌当区
8,111,966|贵州-贵阳-白云区
8,111,967|贵州-贵阳-小河区
8,111,968|贵州-贵阳-金阳新区
8,111,969|贵州-贵阳-新天园区
8,111,970|贵州-贵阳-清镇市
8,111,971|贵州-贵阳-开阳县
8,111,972|贵州-贵阳-修文县
8,111,973|贵州-贵阳-息烽县
8,111,3441|贵州-贵阳-龙里县
9,128,3426|海南-乐东-乐东
9,129,3427|海南-临高-临高县
9,130,3428|海南-陵水-陵水
9,131,3429|海南-琼海-琼海
9,132,3430|海南-琼中-琼中
9,133,3431|海南-屯昌-屯昌县
9,134,3432|海南-万宁-万宁
9,135,3433|海南-文昌-文昌市
9,136,3434|海南-五指山-五指山
9,137,1058|海南-儋州-市辖区
9,137,1059|海南-儋州-洋浦开发区
9,137,1060|海南-儋州-那大镇
9,137,1061|海南-儋州-王五镇
9,137,1062|海南-儋州-雅星镇
9,137,1063|海南-儋州-大成镇
9,137,1064|海南-儋州-中和镇
9,137,1065|海南-儋州-峨蔓镇
9,137,1066|海南-儋州-南丰镇
9,137,1067|海南-儋州-白马井镇
9,137,1068|海南-儋州-兰洋镇
9,137,1069|海南-儋州-和庆镇
9,137,1070|海南-儋州-海头镇
9,137,1071|海南-儋州-排浦镇
9,137,1072|海南-儋州-东成镇
9,137,1073|海南-儋州-光村镇
9,137,1074|海南-儋州-木棠镇
9,137,1075|海南-儋州-新州镇
9,137,1076|海南-儋州-三都镇
9,137,1077|海南-儋州-其他
9,3414,3415|海南-三沙-三沙
9,3414,3480|海南-三沙-中沙群岛
9,3414,3481|海南-三沙-南沙群岛
9,3414,3482|海南-三沙-西沙群岛
9,120,1056|海南-海口-琼山区
9,120,1057|海南-海口-美兰区
9,120,1054|海南-海口-秀英区
9,120,1055|海南-海口-龙华区
9,121,3416|海南-三亚-吉阳区
9,121,3417|海南-三亚-崖州区
9,121,3418|海南-三亚-天涯区
9,121,3419|海南-三亚-海棠区
9,121,4174|海南-三亚-市辖区
9,122,3420|海南-白沙-白沙
9,123,3421|海南-保亭-保亭
9,124,3422|海南-昌江-昌江
9,125,3423|海南-澄迈-澄迈县
9,126,3424|海南-定安-定安县
9,127,3425|海南-东方-东方
10,144,1184|河北-廊坊-安次区
10,144,1185|河北-廊坊-广阳区
10,144,1186|河北-廊坊-霸州市
10,144,1187|河北-廊坊-三河市
10,144,1188|河北-廊坊-固安县
10,144,1189|河北-廊坊-永清县
10,144,1190|河北-廊坊-香河县
10,144,1191|河北-廊坊-大城县
10,144,1192|河北-廊坊-文安县
10,144,1193|河北-廊坊-大厂回族自治县
10,145,1200|河北-秦皇岛-青龙满族自治县
10,145,1194|河北-秦皇岛-海港区
10,145,1195|河北-秦皇岛-山海关区
10,145,1196|河北-秦皇岛-北戴河区
10,145,1197|河北-秦皇岛-昌黎县
10,145,1198|河北-秦皇岛-抚宁区
10,145,1199|河北-秦皇岛-卢龙县
10,146,3437|河北-唐山-曹妃甸区
10,146,1201|河北-唐山-路北区
10,146,1202|河北-唐山-路南区
10,146,1203|河北-唐山-古冶区
10,146,1204|河北-唐山-开平区
10,146,1205|河北-唐山-丰南区
10,146,1206|河北-唐山-丰润区
10,146,1207|河北-唐山-遵化市
10,146,1208|河北-唐山-迁安市
10,146,1209|河北-唐山-滦县
10,146,1210|河北-唐山-滦南县
10,146,1211|河北-唐山-乐亭县
10,146,1212|河北-唐山-迁西县
10,146,1213|河北-唐山-玉田县
10,146,1214|河北-唐山-唐海县
10,147,1216|河北-邢台-桥西区
10,147,1217|河北-邢台-南宫市
10,147,1218|河北-邢台-沙河市
10,147,1219|河北-邢台-邢台县
10,147,1220|河北-邢台-临城县
10,147,1221|河北-邢台-内丘县
10,147,1222|河北-邢台-柏乡县
10,147,1223|河北-邢台-隆尧县
10,147,1224|河北-邢台-任县
10,147,1225|河北-邢台-南和县
10,147,1226|河北-邢台-宁晋县
10,147,1227|河北-邢台-巨鹿县
10,147,1228|河北-邢台-新河县
10,147,1229|河北-邢台-广宗县
10,147,1230|河北-邢台-平乡县
10,147,1231|河北-邢台-威县
10,147,1232|河北-邢台-清河县
10,147,1233|河北-邢台-临西县
10,147,1215|河北-邢台-桥东区
10,148,1248|河北-张家口-涿鹿县
10,148,1249|河北-张家口-赤城县
10,148,1250|河北-张家口-崇礼区
10,148,1234|河北-张家口-桥西区
10,148,1235|河北-张家口-桥东区
10,148,1236|河北-张家口-宣化区
10,148,1237|河北-张家口-下花园区
10,148,1238|河北-张家口-宣化县
10,148,1239|河北-张家口-张北县
10,148,1240|河北-张家口-康保县
10,148,1241|河北-张家口-沽源县
10,148,1242|河北-张家口-尚义县
10,148,1243|河北-张家口-蔚县
10,148,1244|河北-张家口-阳原县
10,148,1245|河北-张家口-怀安县
10,148,1246|河北-张家口-万全区
10,148,1247|河北-张家口-怀来县
10,138,1088|河北-石家庄-新乐市
10,138,1089|河北-石家庄-鹿泉区
10,138,1090|河北-石家庄-井陉县
10,138,1091|河北-石家庄-正定县
10,138,1092|河北-石家庄-栾城区
10,138,1093|河北-石家庄-行唐县
10,138,1094|河北-石家庄-灵寿县
10,138,1095|河北-石家庄-高邑县
10,138,1096|河北-石家庄-深泽县
10,138,1097|河北-石家庄-赞皇县
10,138,1098|河北-石家庄-无极县
10,138,1099|河北-石家庄-平山县
10,138,1100|河北-石家庄-元氏县
10,138,1101|河北-石家庄-赵县
10,138,1078|河北-石家庄-长安区
10,138,1079|河北-石家庄-桥东区
10,138,1080|河北-石家庄-桥西区
10,138,1081|河北-石家庄-新华区
10,138,1082|河北-石家庄-裕华区
10,138,1083|河北-石家庄-井陉矿区
10,138,1084|河北-石家庄-高新区
10,138,1085|河北-石家庄-辛集市
10,138,1086|河北-石家庄-藁城区
10,138,1087|河北-石家庄-晋州市
10,139,1102|河北-保定-竞秀区
10,139,1103|河北-保定-南市区
10,139,1104|河北-保定-北市区
10,139,1105|河北-保定-涿州市
10,139,1106|河北-保定-定州市
10,139,1107|河北-保定-安国市
10,139,1108|河北-保定-高碑店市
10,139,1109|河北-保定-满城区
10,139,1110|河北-保定-清苑区
10,139,1111|河北-保定-涞水县
10,139,1112|河北-保定-阜平县
10,139,1113|河北-保定-徐水区
10,139,1114|河北-保定-定兴县
10,139,1115|河北-保定-唐县
10,139,1116|河北-保定-高阳县
10,139,1117|河北-保定-容城县
10,139,1118|河北-保定-涞源县
10,139,1119|河北-保定-望都县
10,139,1120|河北-保定-安新县
10,139,1121|河北-保定-易县
10,139,1122|河北-保定-曲阳县
10,139,1123|河北-保定-蠡县
10,139,1124|河北-保定-顺平县
10,139,1125|河北-保定-博野县
10,139,1126|河北-保定-雄县
10,139,3513|河北-保定-莲池区
10,140,1127|河北-沧州-运河区
10,140,1128|河北-沧州-新华区
10,140,1129|河北-沧州-泊头市
10,140,1130|河北-沧州-任丘市
10,140,1131|河北-沧州-黄骅市
10,140,1132|河北-沧州-河间市
10,140,1133|河北-沧州-沧县
10,140,1134|河北-沧州-青县
10,140,1135|河北-沧州-东光县
10,140,1136|河北-沧州-海兴县
10,140,1137|河北-沧州-盐山县
10,140,1138|河北-沧州-肃宁县
10,140,1139|河北-沧州-南皮县
10,140,1140|河北-沧州-吴桥县
10,140,1141|河北-沧州-献县
10,140,1142|河北-沧州-孟村回族自治县
10,141,1152|河北-承德-宽城满族自治县
10,141,1153|河北-承德-围场满族蒙古族自治县
10,141,1143|河北-承德-双桥区
10,141,1144|河北-承德-双滦区
10,141,1145|河北-承德-鹰手营子矿区
10,141,1146|河北-承德-承德县
10,141,1147|河北-承德-兴隆县
10,141,1148|河北-承德-平泉市
10,141,1149|河北-承德-滦平县
10,141,1150|河北-承德-隆化县
10,141,1151|河北-承德-丰宁满族自治县
10,142,4192|河北-邯郸-邯郸县
10,142,1154|河北-邯郸-丛台区
10,142,1155|河北-邯郸-复兴区
10,142,1156|河北-邯郸-邯山区
10,142,1157|河北-邯郸-峰峰矿区
10,142,1158|河北-邯郸-武安市
10,142,1160|河北-邯郸-临漳县
10,142,1161|河北-邯郸-成安县
10,142,1162|河北-邯郸-大名县
10,142,1163|河北-邯郸-涉县
10,142,1164|河北-邯郸-磁县
10,142,1165|河北-邯郸-肥乡县
10,142,1166|河北-邯郸-永年区
10,142,1167|河北-邯郸-邱县
10,142,1168|河北-邯郸-鸡泽县
10,142,1169|河北-邯郸-广平县
10,142,1170|河北-邯郸-馆陶县
10,142,1171|河北-邯郸-魏县
10,142,1172|河北-邯郸-曲周县
10,143,1173|河北-衡水-桃城区
10,143,1174|河北-衡水-冀州区
10,143,1175|河北-衡水-深州市
10,143,1176|河北-衡水-枣强县
10,143,1177|河北-衡水-武邑县
10,143,1178|河北-衡水-武强县
10,143,1179|河北-衡水-饶阳县
10,143,1180|河北-衡水-安平县
10,143,1181|河北-衡水-故城县
10,143,1182|河北-衡水-景县
10,143,1183|河北-衡水-阜城县
11,160,1360|河南-新乡-卫辉市
11,160,1361|河南-新乡-辉县市
11,160,1362|河南-新乡-新乡县
11,160,1363|河南-新乡-获嘉县
11,160,1364|河南-新乡-原阳县
11,160,1365|河南-新乡-延津县
11,160,1366|河南-新乡-封丘县
11,160,1367|河南-新乡-长垣县
11,160,1356|河南-新乡-卫滨区
11,160,1357|河南-新乡-红旗区
11,160,1358|河南-新乡-凤泉区
11,160,1359|河南-新乡-牧野区
11,161,1376|河南-信阳-淮滨县
11,161,1377|河南-信阳-息县
11,161,1368|河南-信阳-浉河区
11,161,1369|河南-信阳-平桥区
11,161,1370|河南-信阳-罗山县
11,161,1371|河南-信阳-光山县
11,161,1372|河南-信阳-新县
11,161,1373|河南-信阳-商城县
11,161,1374|河南-信阳-固始县
11,161,1375|河南-信阳-潢川县
11,162,1378|河南-许昌-魏都区
11,162,1379|河南-许昌-禹州市
11,162,1380|河南-许昌-长葛市
11,162,1381|河南-许昌-许昌县
11,162,1382|河南-许昌-鄢陵县
11,162,4198|河南-许昌-建安区
11,162,1383|河南-许昌-襄城县
11,163,1392|河南-周口-太康县
11,163,1393|河南-周口-鹿邑县
11,163,1384|河南-周口-川汇区
11,163,1385|河南-周口-项城市
11,163,1386|河南-周口-扶沟县
11,163,1387|河南-周口-西华县
11,163,1388|河南-周口-商水县
11,163,1389|河南-周口-沈丘县
11,163,1390|河南-周口-郸城县
11,163,1391|河南-周口-淮阳县
11,164,1394|河南-驻马店-驿城区
11,164,1395|河南-驻马店-西平县
11,164,1396|河南-驻马店-上蔡县
11,164,1397|河南-驻马店-平舆县
11,164,1398|河南-驻马店-正阳县
11,164,1399|河南-驻马店-确山县
11,164,1400|河南-驻马店-泌阳县
11,164,1401|河南-驻马店-汝南县
11,164,1402|河南-驻马店-遂平县
11,164,1403|河南-驻马店-新蔡县
11,165,1408|河南-漯河-临颍县
11,165,1404|河南-漯河-郾城区
11,165,1405|河南-漯河-源汇区
11,165,1406|河南-漯河-召陵区
11,165,1407|河南-漯河-舞阳县
11,166,1409|河南-濮阳-华龙区
11,166,1410|河南-濮阳-清丰县
11,166,1411|河南-濮阳-南乐县
11,166,1412|河南-濮阳-范县
11,166,1413|河南-濮阳-台前县
11,166,1414|河南-濮阳-濮阳县
11,149,1251|河南-郑州-金水区
11,149,1252|河南-郑州-邙山区
11,149,1253|河南-郑州-二七区
11,149,1254|河南-郑州-管城回族区
11,149,1255|河南-郑州-中原区
11,149,1256|河南-郑州-上街区
11,149,1257|河南-郑州-惠济区
11,149,1258|河南-郑州-郑东新区
11,149,1259|河南-郑州-经济技术开发区
11,149,1260|河南-郑州-高新开发区
11,149,1261|河南-郑州-出口加工区
11,149,1262|河南-郑州-巩义市
11,149,1263|河南-郑州-荥阳市
11,149,1264|河南-郑州-新密市
11,149,1265|河南-郑州-新郑市
11,149,1266|河南-郑州-登封市
11,149,1267|河南-郑州-中牟县
11,150,1280|河南-洛阳-宜阳县
11,150,1281|河南-洛阳-洛宁县
11,150,1282|河南-洛阳-伊川县
11,150,1268|河南-洛阳-西工区
11,150,1269|河南-洛阳-老城区
11,150,1270|河南-洛阳-涧西区
11,150,1271|河南-洛阳-瀍河回族区
11,150,1272|河南-洛阳-洛龙区
11,150,1273|河南-洛阳-吉利区
11,150,1274|河南-洛阳-偃师市
11,150,1275|河南-洛阳-孟津县
11,150,1276|河南-洛阳-新安县
11,150,1277|河南-洛阳-栾川县
11,150,1278|河南-洛阳-嵩县
11,150,1279|河南-洛阳-汝阳县
11,151,1283|河南-开封-鼓楼区
11,151,1284|河南-开封-龙亭区
11,151,1285|河南-开封-顺河回族区
11,151,1286|河南-开封-金明区
11,151,1287|河南-开封-禹王台区
11,151,1288|河南-开封-杞县
11,151,1289|河南-开封-通许县
11,151,1290|河南-开封-尉氏县
11,151,1291|河南-开封-祥符区
11,151,1292|河南-开封-兰考县
11,152,1296|河南-安阳-龙安区
11,152,1297|河南-安阳-林州市
11,152,1298|河南-安阳-安阳县
11,152,1299|河南-安阳-汤阴县
11,152,1300|河南-安阳-滑县
11,152,1301|河南-安阳-内黄县
11,152,1293|河南-安阳-北关区
11,152,1294|河南-安阳-文峰区
11,152,1295|河南-安阳-殷都区
11,153,1302|河南-鹤壁-淇滨区
11,153,1303|河南-鹤壁-山城区
11,153,1304|河南-鹤壁-鹤山区
11,153,1305|河南-鹤壁-浚县
11,153,1306|河南-鹤壁-淇县
11,154,1307|河南-济源-济源市
11,155,1312|河南-焦作-沁阳市
11,155,1313|河南-焦作-孟州市
11,155,1314|河南-焦作-修武县
11,155,1315|河南-焦作-博爱县
11,155,1316|河南-焦作-武陟县
11,155,1317|河南-焦作-温县
11,155,1308|河南-焦作-解放区
11,155,1309|河南-焦作-中站区
11,155,1310|河南-焦作-马村区
11,155,1311|河南-焦作-山阳区
11,156,1318|河南-南阳-卧龙区
11,156,1319|河南-南阳-宛城区
11,156,1320|河南-南阳-邓州市
11,156,1321|河南-南阳-南召县
11,156,1322|河南-南阳-方城县
11,156,1323|河南-南阳-西峡县
11,156,1324|河南-南阳-镇平县
11,156,1325|河南-南阳-内乡县
11,156,1326|河南-南阳-淅川县
11,156,1327|河南-南阳-社旗县
11,156,1328|河南-南阳-唐河县
11,156,1329|河南-南阳-新野县
11,156,1330|河南-南阳-桐柏县
11,157,1331|河南-平顶山-新华区
11,157,1332|河南-平顶山-卫东区
11,157,1333|河南-平顶山-湛河区
11,157,1334|河南-平顶山-石龙区
11,157,1335|河南-平顶山-舞钢市
11,157,1336|河南-平顶山-汝州市
11,157,1337|河南-平顶山-宝丰县
11,157,1338|河南-平顶山-叶县
11,157,1339|河南-平顶山-鲁山县
11,157,1340|河南-平顶山-郏县
11,158,1344|河南-三门峡-渑池县
11,158,1345|河南-三门峡-陕州区
11,158,1346|河南-三门峡-卢氏县
11,158,1341|河南-三门峡-湖滨区
11,158,1342|河南-三门峡-义马市
11,158,1343|河南-三门峡-灵宝市
11,159,1347|河南-商丘-梁园区
11,159,1348|河南-商丘-睢阳区
11,159,1349|河南-商丘-永城市
11,159,1350|河南-商丘-民权县
11,159,1351|河南-商丘-睢县
11,159,1352|河南-商丘-宁陵县
11,159,1353|河南-商丘-虞城县
11,159,1354|河南-商丘-柘城县
11,159,1355|河南-商丘-夏邑县
12,167,1415|黑龙江-哈尔滨-道里区
12,167,1416|黑龙江-哈尔滨-南岗区
12,167,1417|黑龙江-哈尔滨-动力区
12,167,1418|黑龙江-哈尔滨-平房区
12,167,1419|黑龙江-哈尔滨-香坊区
12,167,1420|黑龙江-哈尔滨-太平区
12,167,1421|黑龙江-哈尔滨-道外区
12,167,1422|黑龙江-哈尔滨-阿城区
12,167,1423|黑龙江-哈尔滨-呼兰区
12,167,1424|黑龙江-哈尔滨-松北区
12,167,1425|黑龙江-哈尔滨-尚志市
12,167,1426|黑龙江-哈尔滨-双城区
12,167,1427|黑龙江-哈尔滨-五常市
12,167,1428|黑龙江-哈尔滨-方正县
12,167,1429|黑龙江-哈尔滨-宾县
12,167,1430|黑龙江-哈尔滨-依兰县
12,167,1431|黑龙江-哈尔滨-巴彦县
12,167,1432|黑龙江-哈尔滨-通河县
12,167,1433|黑龙江-哈尔滨-木兰县
12,167,1434|黑龙江-哈尔滨-延寿县
12,168,1440|黑龙江-大庆-肇州县
12,168,1441|黑龙江-大庆-肇源县
12,168,1442|黑龙江-大庆-林甸县
12,168,1443|黑龙江-大庆-杜尔伯特蒙古族自治县
12,168,1435|黑龙江-大庆-萨尔图区
12,168,1436|黑龙江-大庆-红岗区
12,168,1437|黑龙江-大庆-龙凤区
12,168,1438|黑龙江-大庆-让胡路区
12,168,1439|黑龙江-大庆-大同区
12,169,1444|黑龙江-大兴安岭-呼玛县
12,169,1445|黑龙江-大兴安岭-漠河县
12,169,1446|黑龙江-大兴安岭-塔河县
12,169,3498|黑龙江-大兴安岭-加格达奇区
12,169,3499|黑龙江-大兴安岭-新林区
12,169,3500|黑龙江-大兴安岭-呼中区
12,169,3501|黑龙江-大兴安岭-松岭区
12,170,1447|黑龙江-鹤岗-兴山区
12,170,1448|黑龙江-鹤岗-工农区
12,170,1449|黑龙江-鹤岗-南山区
12,170,1450|黑龙江-鹤岗-兴安区
12,170,1451|黑龙江-鹤岗-向阳区
12,170,1452|黑龙江-鹤岗-东山区
12,170,1453|黑龙江-鹤岗-萝北县
12,170,1454|黑龙江-鹤岗-绥滨县
12,171,1456|黑龙江-黑河-五大连池市
12,171,1457|黑龙江-黑河-北安市
12,171,1458|黑龙江-黑河-嫩江县
12,171,1459|黑龙江-黑河-逊克县
12,171,1460|黑龙江-黑河-孙吴县
12,171,1455|黑龙江-黑河-爱辉区
12,172,1461|黑龙江-鸡西-鸡冠区
12,172,1462|黑龙江-鸡西-恒山区
12,172,1463|黑龙江-鸡西-城子河区
12,172,1464|黑龙江-鸡西-滴道区
12,172,1465|黑龙江-鸡西-梨树区
12,172,1466|黑龙江-鸡西-虎林市
12,172,1467|黑龙江-鸡西-密山市
12,172,1468|黑龙江-鸡西-鸡东县
12,172,3502|黑龙江-鸡西-麻山区
12,173,1472|黑龙江-佳木斯-东风区
12,173,1473|黑龙江-佳木斯-同江市
12,173,1474|黑龙江-佳木斯-富锦市
12,173,1475|黑龙江-佳木斯-桦南县
12,173,1476|黑龙江-佳木斯-桦川县
12,173,1477|黑龙江-佳木斯-汤原县
12,173,1478|黑龙江-佳木斯-抚远市
12,173,1469|黑龙江-佳木斯-前进区
12,173,1470|黑龙江-佳木斯-郊区
12,173,1471|黑龙江-佳木斯-向阳区
12,174,1488|黑龙江-牡丹江-林口县
12,174,1479|黑龙江-牡丹江-爱民区
12,174,1480|黑龙江-牡丹江-东安区
12,174,1481|黑龙江-牡丹江-阳明区
12,174,1482|黑龙江-牡丹江-西安区
12,174,1483|黑龙江-牡丹江-绥芬河市
12,174,1484|黑龙江-牡丹江-海林市
12,174,1485|黑龙江-牡丹江-宁安市
12,174,1486|黑龙江-牡丹江-穆棱市
12,174,1487|黑龙江-牡丹江-东宁市
12,175,1489|黑龙江-七台河-桃山区
12,175,1490|黑龙江-七台河-新兴区
12,175,1491|黑龙江-七台河-茄子河区
12,175,1492|黑龙江-七台河-勃利县
12,176,1504|黑龙江-齐齐哈尔-甘南县
12,176,1505|黑龙江-齐齐哈尔-富裕县
12,176,1506|黑龙江-齐齐哈尔-克山县
12,176,1507|黑龙江-齐齐哈尔-克东县
12,176,1508|黑龙江-齐齐哈尔-拜泉县
12,176,1493|黑龙江-齐齐哈尔-龙沙区
12,176,1494|黑龙江-齐齐哈尔-昂昂溪区
12,176,1495|黑龙江-齐齐哈尔-铁锋区
12,176,1496|黑龙江-齐齐哈尔-建华区
12,176,1497|黑龙江-齐齐哈尔-富拉尔基区
12,176,1498|黑龙江-齐齐哈尔-碾子山区
12,176,1499|黑龙江-齐齐哈尔-梅里斯达斡尔族区
12,176,1500|黑龙江-齐齐哈尔-讷河市
12,176,1501|黑龙江-齐齐哈尔-龙江县
12,176,1502|黑龙江-齐齐哈尔-依安县
12,176,1503|黑龙江-齐齐哈尔-泰来县
12,177,1509|黑龙江-双鸭山-尖山区
12,177,1510|黑龙江-双鸭山-岭东区
12,177,1511|黑龙江-双鸭山-四方台区
12,177,1512|黑龙江-双鸭山-宝山区
12,177,1513|黑龙江-双鸭山-集贤县
12,177,1514|黑龙江-双鸭山-友谊县
12,177,1515|黑龙江-双鸭山-宝清县
12,177,1516|黑龙江-双鸭山-饶河县
12,178,1520|黑龙江-绥化-海伦市
12,178,1521|黑龙江-绥化-望奎县
12,178,1522|黑龙江-绥化-兰西县
12,178,1523|黑龙江-绥化-青冈县
12,178,1524|黑龙江-绥化-庆安县
12,178,1525|黑龙江-绥化-明水县
12,178,1526|黑龙江-绥化-绥棱县
12,178,1517|黑龙江-绥化-北林区
12,178,1518|黑龙江-绥化-安达市
12,178,1519|黑龙江-绥化-肇东市
12,179,1536|黑龙江-伊春-上甘岭区
12,179,1537|黑龙江-伊春-五营区
12,179,1538|黑龙江-伊春-红星区
12,179,1539|黑龙江-伊春-新青区
12,179,1540|黑龙江-伊春-汤旺河区
12,179,1541|黑龙江-伊春-乌伊岭区
12,179,1542|黑龙江-伊春-铁力市
12,179,1543|黑龙江-伊春-嘉荫县
12,179,1527|黑龙江-伊春-伊春区
12,179,1528|黑龙江-伊春-带岭区
12,179,1529|黑龙江-伊春-南岔区
12,179,1530|黑龙江-伊春-金山屯区
12,179,1531|黑龙江-伊春-西林区
12,179,1532|黑龙江-伊春-美溪区
12,179,1533|黑龙江-伊春-乌马河区
12,179,1534|黑龙江-伊春-翠峦区
12,179,1535|黑龙江-伊春-友好区
13,192,1604|湖北-咸宁-咸安区
13,192,1605|湖北-咸宁-赤壁市
13,192,1606|湖北-咸宁-嘉鱼县
13,192,1607|湖北-咸宁-通城县
13,192,1608|湖北-咸宁-崇阳县
13,192,1609|湖北-咸宁-通山县
13,193,1616|湖北-襄阳-南漳县
13,193,3504|湖北-襄阳-襄州区
13,193,1617|湖北-襄阳-谷城县
13,193,1618|湖北-襄阳-保康县
13,193,1610|湖北-襄阳-襄城区
13,193,1611|湖北-襄阳-樊城区
13,193,1612|湖北-襄阳-襄阳区
13,193,1613|湖北-襄阳-老河口市
13,193,1614|湖北-襄阳-枣阳市
13,193,1615|湖北-襄阳-宜城市
13,194,1619|湖北-孝感-孝南区
13,194,1620|湖北-孝感-应城市
13,194,1621|湖北-孝感-安陆市
13,194,1622|湖北-孝感-汉川市
13,194,1623|湖北-孝感-孝昌县
13,194,1624|湖北-孝感-大悟县
13,194,1625|湖北-孝感-云梦县
13,195,1632|湖北-宜昌-夷陵区
13,195,1633|湖北-宜昌-宜都市
13,195,1634|湖北-宜昌-当阳市
13,195,1635|湖北-宜昌-枝江市
13,195,1636|湖北-宜昌-远安县
13,195,1637|湖北-宜昌-兴山县
13,195,1638|湖北-宜昌-秭归县
13,195,1626|湖北-宜昌-长阳土家族自治县
13,195,1627|湖北-宜昌-五峰土家族自治县
13,195,1628|湖北-宜昌-西陵区
13,195,1629|湖北-宜昌-伍家岗区
13,195,1630|湖北-宜昌-点军区
13,195,1631|湖北-宜昌-猇亭区
13,196,1639|湖北-恩施-恩施市
13,196,1640|湖北-恩施-利川市
13,196,1641|湖北-恩施-建始县
13,196,1642|湖北-恩施-巴东县
13,196,1643|湖北-恩施-宣恩县
13,196,1644|湖北-恩施-咸丰县
13,196,1645|湖北-恩施-来凤县
13,196,1646|湖北-恩施-鹤峰县
13,180,1544|湖北-武汉-江岸区
13,180,1545|湖北-武汉-武昌区
13,180,1546|湖北-武汉-江汉区
13,180,1547|湖北-武汉-硚口区
13,180,1548|湖北-武汉-汉阳区
13,180,1549|湖北-武汉-青山区
13,180,1550|湖北-武汉-洪山区
13,180,1551|湖北-武汉-东西湖区
13,180,1552|湖北-武汉-汉南区
13,180,1553|湖北-武汉-蔡甸区
13,180,1554|湖北-武汉-江夏区
13,180,1555|湖北-武汉-黄陂区
13,180,1556|湖北-武汉-新洲区
13,180,1557|湖北-武汉-经济开发区
13,181,1558|湖北-仙桃-仙桃市
13,182,1559|湖北-鄂州-鄂城区
13,182,1560|湖北-鄂州-华容区
13,182,1561|湖北-鄂州-梁子湖区
13,183,1568|湖北-黄冈-英山县
13,183,1569|湖北-黄冈-浠水县
13,183,1570|湖北-黄冈-蕲春县
13,183,1571|湖北-黄冈-黄梅县
13,183,1562|湖北-黄冈-黄州区
13,183,1563|湖北-黄冈-麻城市
13,183,1564|湖北-黄冈-武穴市
13,183,1565|湖北-黄冈-团风县
13,183,1566|湖北-黄冈-红安县
13,183,1567|湖北-黄冈-罗田县
13,184,1572|湖北-黄石-黄石港区
13,184,1573|湖北-黄石-西塞山区
13,184,1574|湖北-黄石-下陆区
13,184,1575|湖北-黄石-铁山区
13,184,1576|湖北-黄石-大冶市
13,184,1577|湖北-黄石-阳新县
13,185,1578|湖北-荆门-东宝区
13,185,1579|湖北-荆门-掇刀区
13,185,1580|湖北-荆门-钟祥市
13,185,1581|湖北-荆门-京山县
13,185,1582|湖北-荆门-沙洋县
13,186,1584|湖北-荆州-荆州区
13,186,1585|湖北-荆州-石首市
13,186,1586|湖北-荆州-洪湖市
13,186,1587|湖北-荆州-松滋市
13,186,1588|湖北-荆州-公安县
13,186,1589|湖北-荆州-监利县
13,186,1590|湖北-荆州-江陵县
13,186,1583|湖北-荆州-沙市区
13,187,1591|湖北-潜江-潜江市
13,188,1592|湖北-神农架林-神农架林区
13,189,1600|湖北-十堰-房县
13,189,1593|湖北-十堰-张湾区
13,189,1594|湖北-十堰-茅箭区
13,189,1595|湖北-十堰-丹江口市
13,189,1596|湖北-十堰-郧阳区
13,189,1597|湖北-十堰-郧西县
13,189,1598|湖北-十堰-竹山县
13,189,1599|湖北-十堰-竹溪县
13,190,1601|湖北-随州-曾都区
13,190,1602|湖北-随州-广水市
13,190,3503|湖北-随州-随县
13,191,1603|湖北-天门-天门市
14,197,1648|湖南-长沙-芙蓉区
14,197,1649|湖南-长沙-天心区
14,197,1650|湖南-长沙-开福区
14,197,1651|湖南-长沙-雨花区
14,197,1652|湖南-长沙-开发区
14,197,1653|湖南-长沙-浏阳市
14,197,1654|湖南-长沙-长沙县
14,197,1655|湖南-长沙-望城区
14,197,1656|湖南-长沙-宁乡市
14,197,1647|湖南-长沙-岳麓区
14,198,1657|湖南-张家界-永定区
14,198,1658|湖南-张家界-武陵源区
14,198,1659|湖南-张家界-慈利县
14,198,1660|湖南-张家界-桑植县
14,199,1664|湖南-常德-安乡县
14,199,1665|湖南-常德-汉寿县
14,199,1666|湖南-常德-澧县
14,199,1667|湖南-常德-临澧县
14,199,1668|湖南-常德-桃源县
14,199,1669|湖南-常德-石门县
14,199,1661|湖南-常德-武陵区
14,199,1662|湖南-常德-鼎城区
14,199,1663|湖南-常德-津市市
14,200,1680|湖南-郴州-安仁县
14,200,1670|湖南-郴州-北湖区
14,200,1671|湖南-郴州-苏仙区
14,200,1672|湖南-郴州-资兴市
14,200,1673|湖南-郴州-桂阳县
14,200,1674|湖南-郴州-宜章县
14,200,1675|湖南-郴州-永兴县
14,200,1676|湖南-郴州-嘉禾县
14,200,1677|湖南-郴州-临武县
14,200,1678|湖南-郴州-汝城县
14,200,1679|湖南-郴州-桂东县
14,201,1681|湖南-衡阳-雁峰区
14,201,1682|湖南-衡阳-珠晖区
14,201,1683|湖南-衡阳-石鼓区
14,201,1684|湖南-衡阳-蒸湘区
14,201,1685|湖南-衡阳-南岳区
14,201,1686|湖南-衡阳-耒阳市
14,201,1687|湖南-衡阳-常宁市
14,201,1688|湖南-衡阳-衡阳县
14,201,1689|湖南-衡阳-衡南县
14,201,1690|湖南-衡阳-衡山县
14,201,1691|湖南-衡阳-衡东县
14,201,1692|湖南-衡阳-祁东县
14,202,1696|湖南-怀化-通道侗族自治县
14,202,1697|湖南-怀化-新晃侗族自治县
14,202,1698|湖南-怀化-芷江侗族自治县
14,202,1699|湖南-怀化-沅陵县
14,202,1700|湖南-怀化-辰溪县
14,202,1701|湖南-怀化-溆浦县
14,202,1702|湖南-怀化-中方县
14,202,1703|湖南-怀化-会同县
14,202,1704|湖南-怀化-洪江市
14,202,1693|湖南-怀化-鹤城区
14,202,1694|湖南-怀化-靖州苗族侗族自治县
14,202,1695|湖南-怀化-麻阳苗族自治县
14,203,1705|湖南-娄底-娄星区
14,203,1706|湖南-娄底-冷水江市
14,203,1707|湖南-娄底-涟源市
14,203,1708|湖南-娄底-双峰县
14,203,1709|湖南-娄底-新化县
14,204,1712|湖南-邵阳-大祥区
14,204,1713|湖南-邵阳-北塔区
14,204,1714|湖南-邵阳-武冈市
14,204,1715|湖南-邵阳-邵东县
14,204,1716|湖南-邵阳-新邵县
14,204,1717|湖南-邵阳-邵阳县
14,204,1718|湖南-邵阳-隆回县
14,204,1719|湖南-邵阳-洞口县
14,204,1720|湖南-邵阳-绥宁县
14,204,1721|湖南-邵阳-新宁县
14,204,1710|湖南-邵阳-城步苗族自治县
14,204,1711|湖南-邵阳-双清区
14,205,1722|湖南-湘潭-岳塘区
14,205,1723|湖南-湘潭-雨湖区
14,205,1724|湖南-湘潭-湘乡市
14,205,1725|湖南-湘潭-韶山市
14,205,1726|湖南-湘潭-湘潭县
14,206,1728|湖南-湘西-泸溪县
14,206,1729|湖南-湘西-凤凰县
14,206,1730|湖南-湘西-花垣县
14,206,1731|湖南-湘西-保靖县
14,206,1732|湖南-湘西-古丈县
14,206,1733|湖南-湘西-永顺县
14,206,1734|湖南-湘西-龙山县
14,206,1727|湖南-湘西-吉首市
14,207,1735|湖南-益阳-赫山区
14,207,1736|湖南-益阳-资阳区
14,207,1737|湖南-益阳-沅江市
14,207,1738|湖南-益阳-南县
14,207,1739|湖南-益阳-桃江县
14,207,1740|湖南-益阳-安化县
14,208,1744|湖南-永州-祁阳县
14,208,1745|湖南-永州-东安县
14,208,1746|湖南-永州-双牌县
14,208,1747|湖南-永州-道县
14,208,1748|湖南-永州-江永县
14,208,1749|湖南-永州-宁远县
14,208,1750|湖南-永州-蓝山县
14,208,1751|湖南-永州-新田县
14,208,1741|湖南-永州-江华瑶族自治县
14,208,1742|湖南-永州-冷水滩区
14,208,1743|湖南-永州-零陵区
14,209,1760|湖南-岳阳-平江县
14,209,1752|湖南-岳阳-岳阳楼区
14,209,1753|湖南-岳阳-君山区
14,209,1754|湖南-岳阳-云溪区
14,209,1755|湖南-岳阳-汨罗市
14,209,1756|湖南-岳阳-临湘市
14,209,1757|湖南-岳阳-岳阳县
14,209,1758|湖南-岳阳-华容县
14,209,1759|湖南-岳阳-湘阴县
14,210,1761|湖南-株洲-天元区
14,210,1762|湖南-株洲-荷塘区
14,210,1763|湖南-株洲-芦淞区
14,210,1764|湖南-株洲-石峰区
14,210,1765|湖南-株洲-醴陵市
14,210,1766|湖南-株洲-株洲县
14,210,1767|湖南-株洲-攸县
14,210,1768|湖南-株洲-茶陵县
14,210,1769|湖南-株洲-炎陵县
15,211,1770|吉林-长春-朝阳区
15,211,1771|吉林-长春-宽城区
15,211,1772|吉林-长春-二道区
15,211,1773|吉林-长春-南关区
15,211,1774|吉林-长春-绿园区
15,211,1775|吉林-长春-双阳区
15,211,1776|吉林-长春-净月潭开发区
15,211,1777|吉林-长春-高新技术开发区
15,211,1778|吉林-长春-经济技术开发区
15,211,1779|吉林-长春-汽车产业开发区
15,211,1780|吉林-长春-德惠市
15,211,1781|吉林-长春-九台区
15,211,1782|吉林-长春-榆树市
15,211,1783|吉林-长春-农安县
15,212,1792|吉林-吉林-永吉县
15,212,1784|吉林-吉林-船营区
15,212,1785|吉林-吉林-昌邑区
15,212,1786|吉林-吉林-龙潭区
15,212,1787|吉林-吉林-丰满区
15,212,1788|吉林-吉林-蛟河市
15,212,1789|吉林-吉林-桦甸市
15,212,1790|吉林-吉林-舒兰市
15,212,1791|吉林-吉林-磐石市
15,213,1793|吉林-白城-洮北区
15,213,1794|吉林-白城-洮南市
15,213,1795|吉林-白城-大安市
15,213,1796|吉林-白城-镇赉县
15,213,1797|吉林-白城-通榆县
15,214,3493|吉林-白山-浑江区
15,214,1798|吉林-白山-江源区
15,214,1799|吉林-白山-八道江区
15,214,1800|吉林-白山-长白朝鲜族自治县
15,214,1801|吉林-白山-临江市
15,214,1802|吉林-白山-抚松县
15,214,1803|吉林-白山-靖宇县
15,215,1804|吉林-辽源-龙山区
15,215,1805|吉林-辽源-西安区
15,215,1806|吉林-辽源-东丰县
15,215,1807|吉林-辽源-东辽县
15,216,1808|吉林-四平-铁西区
15,216,1809|吉林-四平-铁东区
15,216,1810|吉林-四平-伊通满族自治县
15,216,1811|吉林-四平-公主岭市
15,216,1812|吉林-四平-双辽市
15,216,1813|吉林-四平-梨树县
15,217,1814|吉林-松原-前郭尔罗斯蒙古族自治县
15,217,1815|吉林-松原-宁江区
15,217,1816|吉林-松原-长岭县
15,217,1817|吉林-松原-乾安县
15,217,1818|吉林-松原-扶余市
15,218,1824|吉林-通化-辉南县
15,218,1825|吉林-通化-柳河县
15,218,1819|吉林-通化-东昌区
15,218,1820|吉林-通化-二道江区
15,218,1821|吉林-通化-梅河口市
15,218,1822|吉林-通化-集安市
15,218,1823|吉林-通化-通化县
15,219,1826|吉林-延边-延吉市
15,219,1827|吉林-延边-图们市
15,219,1828|吉林-延边-敦化市
15,219,1829|吉林-延边-珲春市
15,219,1830|吉林-延边-龙井市
15,219,1831|吉林-延边-和龙市
15,219,1832|吉林-延边-安图县
15,219,1833|吉林-延边-汪清县
16,224,1888|江苏-淮安-清江浦区
16,224,1889|江苏-淮安-楚州区
16,224,1890|江苏-淮安-淮阴区
16,224,1891|江苏-淮安-涟水县
16,224,1892|江苏-淮安-洪泽区
16,224,1893|江苏-淮安-盱眙县
16,224,1894|江苏-淮安-金湖县
16,224,3495|江苏-淮安-淮安区
16,224,1887|江苏-淮安-清河区
16,225,1895|江苏-连云港-新浦区
16,225,1896|江苏-连云港-连云区
16,225,1897|江苏-连云港-海州区
16,225,1898|江苏-连云港-赣榆区
16,225,1899|江苏-连云港-东海县
16,225,1900|江苏-连云港-灌云县
16,225,1901|江苏-连云港-灌南县
16,226,1904|江苏-南通-经济开发区
16,226,1905|江苏-南通-启东市
16,226,1906|江苏-南通-如皋市
16,226,1907|江苏-南通-通州区
16,226,1908|江苏-南通-海门市
16,226,1909|江苏-南通-海安市
16,226,1910|江苏-南通-如东县
16,226,1902|江苏-南通-崇川区
16,226,1903|江苏-南通-港闸区
16,227,1911|江苏-宿迁-宿城区
16,227,1912|江苏-宿迁-宿豫区
16,227,1913|江苏-宿迁-宿豫县
16,227,1914|江苏-宿迁-沭阳县
16,227,1915|江苏-宿迁-泗阳县
16,227,1916|江苏-宿迁-泗洪县
16,228,1920|江苏-泰州-靖江市
16,228,1921|江苏-泰州-泰兴市
16,228,1922|江苏-泰州-姜堰区
16,228,1917|江苏-泰州-海陵区
16,228,1918|江苏-泰州-高港区
16,228,1919|江苏-泰州-兴化市
16,229,1923|江苏-徐州-云龙区
16,229,1924|江苏-徐州-鼓楼区
16,229,1925|江苏-徐州-九里区
16,229,1926|江苏-徐州-贾汪区
16,229,1927|江苏-徐州-泉山区
16,229,1928|江苏-徐州-新沂市
16,229,1929|江苏-徐州-邳州市
16,229,1930|江苏-徐州-丰县
16,229,1931|江苏-徐州-沛县
16,229,1932|江苏-徐州-铜山区
16,229,1933|江苏-徐州-睢宁县
16,230,1936|江苏-盐城-盐都区
16,230,1937|江苏-盐城-盐都县
16,230,1938|江苏-盐城-东台市
16,230,1939|江苏-盐城-大丰区
16,230,1940|江苏-盐城-响水县
16,230,1941|江苏-盐城-滨海县
16,230,1942|江苏-盐城-阜宁县
16,230,1943|江苏-盐城-射阳县
16,230,1944|江苏-盐城-建湖县
16,230,1934|江苏-盐城-市辖区
16,230,1935|江苏-盐城-亭湖区
16,231,1945|江苏-扬州-广陵区
16,231,1946|江苏-扬州-维扬区
16,231,1947|江苏-扬州-邗江区
16,231,1948|江苏-扬州-仪征市
16,231,1949|江苏-扬州-高邮市
16,231,1950|江苏-扬州-江都区
16,231,1951|江苏-扬州-宝应县
16,232,1952|江苏-镇江-京口区
16,232,1953|江苏-镇江-润州区
16,232,1954|江苏-镇江-丹徒区
16,232,1955|江苏-镇江-丹阳市
16,232,1956|江苏-镇江-扬中市
16,232,1957|江苏-镇江-句容市
16,220,1834|江苏-南京-玄武区
16,220,1835|江苏-南京-鼓楼区
16,220,1836|江苏-南京-白下区
16,220,1837|江苏-南京-建邺区
16,220,1838|江苏-南京-秦淮区
16,220,1839|江苏-南京-雨花台区
16,220,1840|江苏-南京-下关区
16,220,1841|江苏-南京-栖霞区
16,220,1842|江苏-南京-浦口区
16,220,1843|江苏-南京-江宁区
16,220,1844|江苏-南京-六合区
16,220,1845|江苏-南京-溧水区
16,220,1846|江苏-南京-高淳区
16,221,1856|江苏-苏州-张家港市
16,221,1857|江苏-苏州-玉山镇
16,221,1858|江苏-苏州-巴城镇
16,221,1859|江苏-苏州-周市镇
16,221,1860|江苏-苏州-陆家镇
16,221,1861|江苏-苏州-花桥镇
16,221,1862|江苏-苏州-淀山湖镇
16,221,1863|江苏-苏州-张浦镇
16,221,1864|江苏-苏州-周庄镇
16,221,1865|江苏-苏州-千灯镇
16,221,1866|江苏-苏州-锦溪镇
16,221,1867|江苏-苏州-开发区
16,221,1868|江苏-苏州-吴江区
16,221,1869|江苏-苏州-太仓市
16,221,3494|江苏-苏州-姑苏区
16,221,3439|江苏-苏州-昆山市
16,221,1847|江苏-苏州-沧浪区
16,221,1848|江苏-苏州-金阊区
16,221,1849|江苏-苏州-平江区
16,221,1850|江苏-苏州-虎丘区
16,221,1851|江苏-苏州-吴中区
16,221,1852|江苏-苏州-相城区
16,221,1853|江苏-苏州-园区
16,221,1854|江苏-苏州-新区
16,221,1855|江苏-苏州-常熟市
16,222,1872|江苏-无锡-南长区
16,222,1873|江苏-无锡-锡山区
16,222,1874|江苏-无锡-惠山区
16,222,1875|江苏-无锡-滨湖区
16,222,1876|江苏-无锡-新区
16,222,1877|江苏-无锡-江阴市
16,222,1878|江苏-无锡-宜兴市
16,222,4168|江苏-无锡-梁溪区
16,222,3849|江苏-无锡-新吴区
16,222,1870|江苏-无锡-崇安区
16,222,1871|江苏-无锡-北塘区
16,223,1879|江苏-常州-天宁区
16,223,1880|江苏-常州-钟楼区
16,223,1881|江苏-常州-戚墅堰区
16,223,1882|江苏-常州-郊区
16,223,1883|江苏-常州-新北区
16,223,1884|江苏-常州-武进区
16,223,1885|江苏-常州-溧阳市
16,223,1886|江苏-常州-金坛区
17,240,2033|江西-上饶-信州区
17,240,2034|江西-上饶-德兴市
17,240,2035|江西-上饶-上饶县
17,240,2036|江西-上饶-广丰区
17,240,2037|江西-上饶-玉山县
17,240,2038|江西-上饶-铅山县
17,240,2039|江西-上饶-横峰县
17,240,2040|江西-上饶-弋阳县
17,240,2041|江西-上饶-余干县
17,240,2042|江西-上饶-鄱阳县
17,240,2043|江西-上饶-万年县
17,240,2044|江西-上饶-婺源县
17,241,2045|江西-新余-渝水区
17,241,2046|江西-新余-分宜县
17,242,2048|江西-宜春-丰城市
17,242,2049|江西-宜春-樟树市
17,242,2050|江西-宜春-高安市
17,242,2051|江西-宜春-奉新县
17,242,2052|江西-宜春-万载县
17,242,2053|江西-宜春-上高县
17,242,2054|江西-宜春-宜丰县
17,242,2055|江西-宜春-靖安县
17,242,2056|江西-宜春-铜鼓县
17,242,2047|江西-宜春-袁州区
17,243,2057|江西-鹰潭-月湖区
17,243,2058|江西-鹰潭-贵溪市
17,243,2059|江西-鹰潭-余江县
17,233,1968|江西-南昌-安义县
17,233,1969|江西-南昌-进贤县
17,233,1958|江西-南昌-东湖区
17,233,1959|江西-南昌-西湖区
17,233,1960|江西-南昌-青云谱区
17,233,1961|江西-南昌-湾里区
17,233,1962|江西-南昌-青山湖区
17,233,1963|江西-南昌-红谷滩新区
17,233,1964|江西-南昌-昌北区
17,233,1965|江西-南昌-高新区
17,233,1966|江西-南昌-南昌县
17,233,1967|江西-南昌-新建区
17,234,1970|江西-抚州-临川区
17,234,1971|江西-抚州-南城县
17,234,1972|江西-抚州-黎川县
17,234,1973|江西-抚州-南丰县
17,234,1974|江西-抚州-崇仁县
17,234,1975|江西-抚州-乐安县
17,234,1976|江西-抚州-宜黄县
17,234,1977|江西-抚州-金溪县
17,234,1978|江西-抚州-资溪县
17,234,1979|江西-抚州-东乡区
17,234,1980|江西-抚州-广昌县
17,235,1984|江西-赣州-南康区
17,235,1985|江西-赣州-赣县
17,235,1986|江西-赣州-信丰县
17,235,1987|江西-赣州-大余县
17,235,1988|江西-赣州-上犹县
17,235,1989|江西-赣州-崇义县
17,235,1990|江西-赣州-安远县
17,235,1991|江西-赣州-龙南县
17,235,1992|江西-赣州-定南县
17,235,1993|江西-赣州-全南县
17,235,1994|江西-赣州-宁都县
17,235,1995|江西-赣州-兴国县
17,235,1996|江西-赣州-会昌县
17,235,1997|江西-赣州-寻乌县
17,235,1998|江西-赣州-石城县
17,235,1981|江西-赣州-章贡区
17,235,1982|江西-赣州-于都县
17,235,1983|江西-赣州-瑞金市
17,236,1999|江西-吉安-安福县
17,236,2000|江西-吉安-吉州区
17,236,2001|江西-吉安-青原区
17,236,2002|江西-吉安-井冈山市
17,236,2003|江西-吉安-吉安县
17,236,2004|江西-吉安-吉水县
17,236,2005|江西-吉安-峡江县
17,236,2006|江西-吉安-新干县
17,236,2007|江西-吉安-永丰县
17,236,2008|江西-吉安-泰和县
17,236,2009|江西-吉安-遂川县
17,236,2010|江西-吉安-万安县
17,236,2011|江西-吉安-永新县
17,237,2012|江西-景德镇-珠山区
17,237,2013|江西-景德镇-昌江区
17,237,2014|江西-景德镇-乐平市
17,237,2015|江西-景德镇-浮梁县
17,238,2016|江西-九江-浔阳区
17,238,2017|江西-九江-濂溪区
17,238,2018|江西-九江-瑞昌市
17,238,2019|江西-九江-柴桑区
17,238,2020|江西-九江-武宁县
17,238,2021|江西-九江-修水县
17,238,2022|江西-九江-永修县
17,238,2023|江西-九江-德安县
17,238,2024|江西-九江-庐山市
17,238,2025|江西-九江-都昌县
17,238,2026|江西-九江-湖口县
17,238,2027|江西-九江-彭泽县
17,238,3479|江西-九江-共青城市
17,239,2032|江西-萍乡-上栗县
17,239,2028|江西-萍乡-安源区
17,239,2029|江西-萍乡-湘东区
17,239,2030|江西-萍乡-莲花县
17,239,2031|江西-萍乡-芦溪县
18,256,2149|辽宁-铁岭-银州区
18,256,2150|辽宁-铁岭-清河区
18,256,2151|辽宁-铁岭-调兵山市
18,256,2152|辽宁-铁岭-开原市
18,256,2153|辽宁-铁岭-铁岭县
18,256,2154|辽宁-铁岭-西丰县
18,256,2155|辽宁-铁岭-昌图县
18,257,2160|辽宁-营口-盖州市
18,257,2161|辽宁-营口-大石桥市
18,257,2156|辽宁-营口-站前区
18,257,2157|辽宁-营口-西市区
18,257,2158|辽宁-营口-鲅鱼圈区
18,257,2159|辽宁-营口-老边区
18,244,2060|辽宁-沈阳-沈河区
18,244,2061|辽宁-沈阳-皇姑区
18,244,2062|辽宁-沈阳-和平区
18,244,2063|辽宁-沈阳-大东区
18,244,2064|辽宁-沈阳-铁西区
18,244,2065|辽宁-沈阳-苏家屯区
18,244,2066|辽宁-沈阳-东陵区
18,244,2067|辽宁-沈阳-沈北新区
18,244,2068|辽宁-沈阳-于洪区
18,244,2069|辽宁-沈阳-浑南区
18,244,2070|辽宁-沈阳-新民市
18,244,2071|辽宁-沈阳-辽中区
18,244,2072|辽宁-沈阳-康平县
18,244,2073|辽宁-沈阳-法库县
18,245,2080|辽宁-大连-开发区
18,245,2081|辽宁-大连-瓦房店市
18,245,2082|辽宁-大连-普兰店区
18,245,2083|辽宁-大连-庄河市
18,245,2084|辽宁-大连-长海县
18,245,2074|辽宁-大连-西岗区
18,245,2075|辽宁-大连-中山区
18,245,2076|辽宁-大连-沙河口区
18,245,2077|辽宁-大连-甘井子区
18,245,2078|辽宁-大连-旅顺口区
18,245,2079|辽宁-大连-金州区
18,246,2085|辽宁-鞍山-铁东区
18,246,2086|辽宁-鞍山-铁西区
18,246,2087|辽宁-鞍山-立山区
18,246,2088|辽宁-鞍山-千山区
18,246,2089|辽宁-鞍山-岫岩满族自治县
18,246,2090|辽宁-鞍山-海城市
18,246,2091|辽宁-鞍山-台安县
18,247,2096|辽宁-本溪-南芬区
18,247,2097|辽宁-本溪-桓仁满族自治县
18,247,2092|辽宁-本溪-本溪满族自治县
18,247,2093|辽宁-本溪-平山区
18,247,2094|辽宁-本溪-明山区
18,247,2095|辽宁-本溪-溪湖区
18,248,2098|辽宁-朝阳-双塔区
18,248,2099|辽宁-朝阳-龙城区
18,248,2100|辽宁-朝阳-喀喇沁左翼蒙古族自治县
18,248,2101|辽宁-朝阳-北票市
18,248,2102|辽宁-朝阳-凌源市
18,248,2103|辽宁-朝阳-朝阳县
18,248,2104|辽宁-朝阳-建平县
18,249,2105|辽宁-丹东-振兴区
18,249,2106|辽宁-丹东-元宝区
18,249,2107|辽宁-丹东-振安区
18,249,2108|辽宁-丹东-宽甸满族自治县
18,249,2109|辽宁-丹东-东港市
18,249,2110|辽宁-丹东-凤城市
18,250,2112|辽宁-抚顺-新抚区
18,250,2113|辽宁-抚顺-东洲区
18,250,2114|辽宁-抚顺-望花区
18,250,2115|辽宁-抚顺-清原满族自治县
18,250,2116|辽宁-抚顺-新宾满族自治县
18,250,2117|辽宁-抚顺-抚顺县
18,250,2111|辽宁-抚顺-顺城区
18,251,2118|辽宁-阜新-阜新蒙古族自治县
18,251,2119|辽宁-阜新-海州区
18,251,2120|辽宁-阜新-新邱区
18,251,2121|辽宁-阜新-太平区
18,251,2122|辽宁-阜新-清河门区
18,251,2123|辽宁-阜新-细河区
18,251,2124|辽宁-阜新-彰武县
18,252,2128|辽宁-葫芦岛-兴城市
18,252,2129|辽宁-葫芦岛-绥中县
18,252,2130|辽宁-葫芦岛-建昌县
18,252,2125|辽宁-葫芦岛-龙港区
18,252,2126|辽宁-葫芦岛-南票区
18,252,2127|辽宁-葫芦岛-连山区
18,253,2131|辽宁-锦州-太和区
18,253,2132|辽宁-锦州-古塔区
18,253,2133|辽宁-锦州-凌河区
18,253,2134|辽宁-锦州-凌海市
18,253,2135|辽宁-锦州-北镇市
18,253,2136|辽宁-锦州-黑山县
18,253,2137|辽宁-锦州-义县
18,254,2144|辽宁-辽阳-辽阳县
18,254,2138|辽宁-辽阳-白塔区
18,254,2139|辽宁-辽阳-文圣区
18,254,2140|辽宁-辽阳-宏伟区
18,254,2141|辽宁-辽阳-太子河区
18,254,2142|辽宁-辽阳-弓长岭区
18,254,2143|辽宁-辽阳-灯塔市
18,255,2145|辽宁-盘锦-双台子区
18,255,2146|辽宁-盘锦-兴隆台区
18,255,2147|辽宁-盘锦-大洼区
18,255,2148|辽宁-盘锦-盘山县
19,258,2162|内蒙古-呼和浩特-回民区
19,258,2163|内蒙古-呼和浩特-玉泉区
19,258,2164|内蒙古-呼和浩特-新城区
19,258,2165|内蒙古-呼和浩特-赛罕区
19,258,2166|内蒙古-呼和浩特-清水河县
19,258,2167|内蒙古-呼和浩特-土默特左旗
19,258,2168|内蒙古-呼和浩特-托克托县
19,258,2169|内蒙古-呼和浩特-和林格尔县
19,258,2170|内蒙古-呼和浩特-武川县
19,259,2171|内蒙古-阿拉善盟-阿拉善左旗
19,259,2172|内蒙古-阿拉善盟-阿拉善右旗
19,259,2173|内蒙古-阿拉善盟-额济纳旗
19,260,2176|内蒙古-巴彦淖尔-磴口县
19,260,2177|内蒙古-巴彦淖尔-乌拉特前旗
19,260,2178|内蒙古-巴彦淖尔-乌拉特中旗
19,260,2179|内蒙古-巴彦淖尔-乌拉特后旗
19,260,2180|内蒙古-巴彦淖尔-杭锦后旗
19,260,2174|内蒙古-巴彦淖尔-临河区
19,260,2175|内蒙古-巴彦淖尔-五原县
19,261,2181|内蒙古-包头-昆都仑区
19,261,2182|内蒙古-包头-青山区
19,261,2183|内蒙古-包头-东河区
19,261,2184|内蒙古-包头-九原区
19,261,2185|内蒙古-包头-石拐区
19,261,2186|内蒙古-包头-白云鄂博矿区
19,261,2187|内蒙古-包头-土默特右旗
19,261,2188|内蒙古-包头-固阳县
19,261,2189|内蒙古-包头-达尔罕茂明安联合旗
19,262,2192|内蒙古-赤峰-松山区
19,262,2193|内蒙古-赤峰-阿鲁科尔沁旗
19,262,2194|内蒙古-赤峰-巴林左旗
19,262,2195|内蒙古-赤峰-巴林右旗
19,262,2196|内蒙古-赤峰-林西县
19,262,2197|内蒙古-赤峰-克什克腾旗
19,262,2198|内蒙古-赤峰-翁牛特旗
19,262,2199|内蒙古-赤峰-喀喇沁旗
19,262,2200|内蒙古-赤峰-宁城县
19,262,2201|内蒙古-赤峰-敖汉旗
19,262,2190|内蒙古-赤峰-红山区
19,262,2191|内蒙古-赤峰-元宝山区
19,263,2208|内蒙古-鄂尔多斯-乌审旗
19,263,2209|内蒙古-鄂尔多斯-伊金霍洛旗
19,263,4184|内蒙古-鄂尔多斯-康巴什区
19,263,2202|内蒙古-鄂尔多斯-东胜区
19,263,2203|内蒙古-鄂尔多斯-达拉特旗
19,263,2204|内蒙古-鄂尔多斯-准格尔旗
19,263,2205|内蒙古-鄂尔多斯-鄂托克前旗
19,263,2206|内蒙古-鄂尔多斯-鄂托克旗
19,263,2207|内蒙古-鄂尔多斯-杭锦旗
19,264,2210|内蒙古-呼伦贝尔-海拉尔区
19,264,2211|内蒙古-呼伦贝尔-莫力达瓦达斡尔族自治旗
19,264,2212|内蒙古-呼伦贝尔-满洲里市
19,264,2213|内蒙古-呼伦贝尔-牙克石市
19,264,2214|内蒙古-呼伦贝尔-扎兰屯市
19,264,2215|内蒙古-呼伦贝尔-额尔古纳市
19,264,2216|内蒙古-呼伦贝尔-根河市
19,264,2217|内蒙古-呼伦贝尔-阿荣旗
19,264,2218|内蒙古-呼伦贝尔-鄂伦春自治旗
19,264,2219|内蒙古-呼伦贝尔-鄂温克族自治旗
19,264,2220|内蒙古-呼伦贝尔-陈巴尔虎旗
19,264,2221|内蒙古-呼伦贝尔-新巴尔虎左旗
19,264,2222|内蒙古-呼伦贝尔-新巴尔虎右旗
19,265,2224|内蒙古-通辽-霍林郭勒市
19,265,2225|内蒙古-通辽-科尔沁左翼中旗
19,265,2226|内蒙古-通辽-科尔沁左翼后旗
19,265,2227|内蒙古-通辽-开鲁县
19,265,2228|内蒙古-通辽-库伦旗
19,265,2229|内蒙古-通辽-奈曼旗
19,265,2230|内蒙古-通辽-扎鲁特旗
19,265,2223|内蒙古-通辽-科尔沁区
19,266,2231|内蒙古-乌海-海勃湾区
19,266,2232|内蒙古-乌海-乌达区
19,266,2233|内蒙古-乌海-海南区
19,267,2240|内蒙古-乌兰察布-凉城县
19,267,2241|内蒙古-乌兰察布-察哈尔右翼前旗
19,267,2242|内蒙古-乌兰察布-察哈尔右翼中旗
19,267,2243|内蒙古-乌兰察布-察哈尔右翼后旗
19,267,2244|内蒙古-乌兰察布-四子王旗
19,267,2234|内蒙古-乌兰察布-化德县
19,267,2235|内蒙古-乌兰察布-集宁区
19,267,2236|内蒙古-乌兰察布-丰镇市
19,267,2237|内蒙古-乌兰察布-卓资县
19,267,2238|内蒙古-乌兰察布-商都县
19,267,2239|内蒙古-乌兰察布-兴和县
19,268,2256|内蒙古-锡林郭勒盟-多伦县
19,268,2245|内蒙古-锡林郭勒盟-二连浩特市
19,268,2246|内蒙古-锡林郭勒盟-锡林浩特市
19,268,2247|内蒙古-锡林郭勒盟-阿巴嘎旗
19,268,2248|内蒙古-锡林郭勒盟-苏尼特左旗
19,268,2249|内蒙古-锡林郭勒盟-苏尼特右旗
19,268,2250|内蒙古-锡林郭勒盟-东乌珠穆沁旗
19,268,2251|内蒙古-锡林郭勒盟-西乌珠穆沁旗
19,268,2252|内蒙古-锡林郭勒盟-太仆寺旗
19,268,2253|内蒙古-锡林郭勒盟-镶黄旗
19,268,2254|内蒙古-锡林郭勒盟-正镶白旗
19,268,2255|内蒙古-锡林郭勒盟-正蓝旗
19,269,2257|内蒙古-兴安盟-乌兰浩特市
19,269,2258|内蒙古-兴安盟-阿尔山市
19,269,2259|内蒙古-兴安盟-科尔沁右翼前旗
19,269,2260|内蒙古-兴安盟-科尔沁右翼中旗
19,269,2261|内蒙古-兴安盟-扎赉特旗
19,269,2262|内蒙古-兴安盟-突泉县
20,272,2275|宁夏-石嘴山-惠农县
20,272,2276|宁夏-石嘴山-大武口区
20,272,2277|宁夏-石嘴山-惠农区
20,272,2278|宁夏-石嘴山-陶乐县
20,272,2279|宁夏-石嘴山-平罗县
20,273,3507|宁夏-吴忠-红寺堡区
20,273,2280|宁夏-吴忠-利通区
20,273,2281|宁夏-吴忠-中卫县
20,273,2282|宁夏-吴忠-青铜峡市
20,273,2283|宁夏-吴忠-中宁县
20,273,2284|宁夏-吴忠-盐池县
20,273,2285|宁夏-吴忠-同心县
20,274,2288|宁夏-中卫-中宁县
20,274,2286|宁夏-中卫-沙坡头区
20,274,2287|宁夏-中卫-海原县
20,270,2263|宁夏-银川-西夏区
20,270,2264|宁夏-银川-金凤区
20,270,2265|宁夏-银川-兴庆区
20,270,2266|宁夏-银川-灵武市
20,270,2267|宁夏-银川-永宁县
20,270,2268|宁夏-银川-贺兰县
20,271,2272|宁夏-固原-隆德县
20,271,2273|宁夏-固原-泾源县
20,271,2274|宁夏-固原-彭阳县
20,271,2269|宁夏-固原-原州区
20,271,2270|宁夏-固原-海原县
20,271,2271|宁夏-固原-西吉县
21,275,2289|青海-西宁-城中区
21,275,2290|青海-西宁-城东区
21,275,2291|青海-西宁-城西区
21,275,2292|青海-西宁-城北区
21,275,2293|青海-西宁-湟中县
21,275,2294|青海-西宁-湟源县
21,275,2295|青海-西宁-大通回族土族自治县
21,276,2296|青海-果洛-玛沁县
21,276,2297|青海-果洛-班玛县
21,276,2298|青海-果洛-甘德县
21,276,2299|青海-果洛-达日县
21,276,2300|青海-果洛-久治县
21,276,2301|青海-果洛-玛多县
21,277,2304|青海-海北-刚察县
21,277,2305|青海-海北-门源回族自治县
21,277,2302|青海-海北-海晏县
21,277,2303|青海-海北-祁连县
21,278,2306|青海-海东-平安区
21,278,2307|青海-海东-乐都区
21,278,2308|青海-海东-民和回族土族自治县
21,278,2309|青海-海东-互助土族自治县
21,278,2310|青海-海东-化隆回族自治县
21,278,2311|青海-海东-循化撒拉族自治县
21,279,2312|青海-海南-共和县
21,279,2313|青海-海南-同德县
21,279,2314|青海-海南-贵德县
21,279,2315|青海-海南-兴海县
21,279,2316|青海-海南-贵南县
21,280,2320|青海-海西-都兰县
21,280,2321|青海-海西-天峻县
21,280,3505|青海-海西-花土沟镇
21,280,4182|青海-海西-茫崖市
21,280,4183|青海-海西-大柴旦镇
21,280,2317|青海-海西-德令哈市
21,280,2318|青海-海西-格尔木市
21,280,2319|青海-海西-乌兰县
21,281,2322|青海-黄南-同仁县
21,281,2323|青海-黄南-尖扎县
21,281,2324|青海-黄南-泽库县
21,281,2325|青海-黄南-河南蒙古族自治县
21,282,2326|青海-玉树-玉树市
21,282,2327|青海-玉树-杂多县
21,282,2328|青海-玉树-称多县
21,282,2329|青海-玉树-治多县
21,282,2330|青海-玉树-囊谦县
21,282,2331|青海-玉树-曲麻莱县
22,288,2384|山东-菏泽-定陶区
22,288,2385|山东-菏泽-东明县
22,288,2377|山东-菏泽-牡丹区
22,288,2378|山东-菏泽-曹县
22,288,2379|山东-菏泽-单县
22,288,2380|山东-菏泽-成武县
22,288,2381|山东-菏泽-巨野县
22,288,2382|山东-菏泽-郓城县
22,288,2383|山东-菏泽-鄄城县
22,289,2386|山东-济宁-市中区
22,289,2387|山东-济宁-任城区
22,289,2388|山东-济宁-曲阜市
22,289,2389|山东-济宁-兖州区
22,289,2390|山东-济宁-邹城市
22,289,2391|山东-济宁-微山县
22,289,2392|山东-济宁-鱼台县
22,289,2393|山东-济宁-金乡县
22,289,2394|山东-济宁-嘉祥县
22,289,2395|山东-济宁-汶上县
22,289,2396|山东-济宁-泗水县
22,289,2397|山东-济宁-梁山县
22,290,2398|山东-莱芜-莱城区
22,290,2399|山东-莱芜-钢城区
22,291,2400|山东-聊城-东昌府区
22,291,2401|山东-聊城-临清市
22,291,2402|山东-聊城-阳谷县
22,291,2403|山东-聊城-莘县
22,291,2404|山东-聊城-茌平县
22,291,2405|山东-聊城-东阿县
22,291,2406|山东-聊城-冠县
22,291,2407|山东-聊城-高唐县
22,292,2408|山东-临沂-兰山区
22,292,2409|山东-临沂-罗庄区
22,292,2410|山东-临沂-河东区
22,292,2411|山东-临沂-沂南县
22,292,2412|山东-临沂-郯城县
22,292,3436|山东-临沂-兰陵县
22,292,2413|山东-临沂-沂水县
22,292,2414|山东-临沂-苍山县
22,292,2415|山东-临沂-费县
22,292,2416|山东-临沂-平邑县
22,292,2417|山东-临沂-莒南县
22,292,2418|山东-临沂-蒙阴县
22,292,2419|山东-临沂-临沭县
22,293,2420|山东-日照-东港区
22,293,2421|山东-日照-岚山区
22,293,2422|山东-日照-五莲县
22,293,2423|山东-日照-莒县
22,294,2424|山东-泰安-泰山区
22,294,2425|山东-泰安-岱岳区
22,294,2426|山东-泰安-新泰市
22,294,2427|山东-泰安-肥城市
22,294,2428|山东-泰安-宁阳县
22,294,2429|山东-泰安-东平县
22,295,2432|山东-威海-环翠区
22,295,2433|山东-威海-文登区
22,295,2430|山东-威海-荣成市
22,295,2431|山东-威海-乳山市
22,296,2434|山东-潍坊-潍城区
22,296,2435|山东-潍坊-寒亭区
22,296,2436|山东-潍坊-坊子区
22,296,2437|山东-潍坊-奎文区
22,296,2438|山东-潍坊-青州市
22,296,2439|山东-潍坊-诸城市
22,296,2440|山东-潍坊-寿光市
22,296,2441|山东-潍坊-安丘市
22,296,2442|山东-潍坊-高密市
22,296,2443|山东-潍坊-昌邑市
22,296,2444|山东-潍坊-临朐县
22,296,2445|山东-潍坊-昌乐县
22,297,2446|山东-烟台-芝罘区
22,297,2447|山东-烟台-福山区
22,297,2448|山东-烟台-牟平区
22,297,2449|山东-烟台-莱山区
22,297,2450|山东-烟台-开发区
22,297,2451|山东-烟台-龙口市
22,297,2452|山东-烟台-莱阳市
22,297,2453|山东-烟台-莱州市
22,297,2454|山东-烟台-蓬莱市
22,297,2455|山东-烟台-招远市
22,297,2456|山东-烟台-栖霞市
22,297,2457|山东-烟台-海阳市
22,297,2458|山东-烟台-长岛县
22,298,2464|山东-枣庄-滕州市
22,298,2459|山东-枣庄-市中区
22,298,2460|山东-枣庄-山亭区
22,298,2461|山东-枣庄-峄城区
22,298,2462|山东-枣庄-台儿庄区
22,298,2463|山东-枣庄-薛城区
22,299,2465|山东-淄博-张店区
22,299,2466|山东-淄博-临淄区
22,299,2467|山东-淄博-淄川区
22,299,2468|山东-淄博-博山区
22,299,2469|山东-淄博-周村区
22,299,2470|山东-淄博-桓台县
22,299,2471|山东-淄博-高青县
22,299,2472|山东-淄博-沂源县
22,283,2336|山东-济南-历城区
22,283,2337|山东-济南-长清区
22,283,2338|山东-济南-章丘区
22,283,2339|山东-济南-平阴县
22,283,2340|山东-济南-济阳区
22,283,2341|山东-济南-商河县
22,283,4186|山东-济南-莱芜区
22,283,4187|山东-济南-钢城区
22,283,2332|山东-济南-市中区
22,283,2333|山东-济南-历下区
22,283,2334|山东-济南-天桥区
22,283,2335|山东-济南-槐荫区
22,284,2352|山东-青岛-胶南市
22,284,2353|山东-青岛-莱西市
22,284,2342|山东-青岛-市南区
22,284,2343|山东-青岛-市北区
22,284,2344|山东-青岛-城阳区
22,284,2345|山东-青岛-四方区
22,284,2346|山东-青岛-李沧区
22,284,2347|山东-青岛-黄岛区
22,284,2348|山东-青岛-崂山区
22,284,2349|山东-青岛-胶州市
22,284,2350|山东-青岛-即墨区
22,284,2351|山东-青岛-平度市
22,285,2354|山东-滨州-滨城区
22,285,2355|山东-滨州-惠民县
22,285,2356|山东-滨州-阳信县
22,285,2357|山东-滨州-无棣县
22,285,2358|山东-滨州-沾化区
22,285,2359|山东-滨州-博兴县
22,285,2360|山东-滨州-邹平县
22,286,2368|山东-德州-齐河县
22,286,2369|山东-德州-平原县
22,286,2370|山东-德州-夏津县
22,286,2371|山东-德州-武城县
22,286,2361|山东-德州-德城区
22,286,2362|山东-德州-陵城区
22,286,2363|山东-德州-乐陵市
22,286,2364|山东-德州-禹城市
22,286,2365|山东-德州-宁津县
22,286,2366|山东-德州-庆云县
22,286,2367|山东-德州-临邑县
22,287,2372|山东-东营-东营区
22,287,2373|山东-东营-河口区
22,287,2374|山东-东营-垦利区
22,287,2375|山东-东营-利津县
22,287,2376|山东-东营-广饶县
23,304,2516|山西-晋中-榆次区
23,304,2517|山西-晋中-介休市
23,304,2518|山西-晋中-榆社县
23,304,2519|山西-晋中-左权县
23,304,2520|山西-晋中-和顺县
23,304,2521|山西-晋中-昔阳县
23,304,2522|山西-晋中-寿阳县
23,304,2523|山西-晋中-太谷县
23,304,2524|山西-晋中-祁县
23,304,2525|山西-晋中-平遥县
23,304,2526|山西-晋中-灵石县
23,305,2528|山西-临汾-侯马市
23,305,2529|山西-临汾-霍州市
23,305,2530|山西-临汾-曲沃县
23,305,2531|山西-临汾-翼城县
23,305,2532|山西-临汾-襄汾县
23,305,2533|山西-临汾-洪洞县
23,305,2534|山西-临汾-吉县
23,305,2535|山西-临汾-安泽县
23,305,2536|山西-临汾-浮山县
23,305,2537|山西-临汾-古县
23,305,2538|山西-临汾-乡宁县
23,305,2539|山西-临汾-大宁县
23,305,2540|山西-临汾-隰县
23,305,2541|山西-临汾-永和县
23,305,2542|山西-临汾-蒲县
23,305,2543|山西-临汾-汾西县
23,305,2527|山西-临汾-尧都区
23,306,2544|山西-吕梁-离石市
23,306,2545|山西-吕梁-离石区
23,306,2546|山西-吕梁-孝义市
23,306,2547|山西-吕梁-汾阳市
23,306,2548|山西-吕梁-文水县
23,306,2549|山西-吕梁-交城县
23,306,2550|山西-吕梁-兴县
23,306,2551|山西-吕梁-临县
23,306,2552|山西-吕梁-柳林县
23,306,2553|山西-吕梁-石楼县
23,306,2554|山西-吕梁-岚县
23,306,2555|山西-吕梁-方山县
23,306,2556|山西-吕梁-中阳县
23,306,2557|山西-吕梁-交口县
23,307,2560|山西-朔州-山阴县
23,307,2561|山西-朔州-应县
23,307,2562|山西-朔州-右玉县
23,307,2563|山西-朔州-怀仁县
23,307,2558|山西-朔州-朔城区
23,307,2559|山西-朔州-平鲁区
23,308,2564|山西-忻州-忻府区
23,308,2565|山西-忻州-原平市
23,308,2566|山西-忻州-定襄县
23,308,2567|山西-忻州-五台县
23,308,2568|山西-忻州-代县
23,308,2569|山西-忻州-繁峙县
23,308,2570|山西-忻州-宁武县
23,308,2571|山西-忻州-静乐县
23,308,2572|山西-忻州-神池县
23,308,2573|山西-忻州-五寨县
23,308,2574|山西-忻州-岢岚县
23,308,2575|山西-忻州-河曲县
23,308,2576|山西-忻州-保德县
23,308,2577|山西-忻州-偏关县
23,309,2578|山西-阳泉-城区
23,309,2579|山西-阳泉-矿区
23,309,2580|山西-阳泉-郊区
23,309,2581|山西-阳泉-平定县
23,309,2582|山西-阳泉-盂县
23,310,2592|山西-运城-垣曲县
23,310,2593|山西-运城-夏县
23,310,2594|山西-运城-平陆县
23,310,2595|山西-运城-芮城县
23,310,2583|山西-运城-盐湖区
23,310,2584|山西-运城-永济市
23,310,2585|山西-运城-河津市
23,310,2586|山西-运城-临猗县
23,310,2587|山西-运城-万荣县
23,310,2588|山西-运城-闻喜县
23,310,2589|山西-运城-稷山县
23,310,2590|山西-运城-新绛县
23,310,2591|山西-运城-绛县
23,300,2473|山西-太原-杏花岭区
23,300,2474|山西-太原-小店区
23,300,2475|山西-太原-迎泽区
23,300,2476|山西-太原-尖草坪区
23,300,2477|山西-太原-万柏林区
23,300,2478|山西-太原-晋源区
23,300,2479|山西-太原-高新开发区
23,300,2480|山西-太原-民营经济开发区
23,300,2481|山西-太原-经济技术开发区
23,300,2482|山西-太原-清徐县
23,300,2483|山西-太原-阳曲县
23,300,2484|山西-太原-娄烦县
23,300,2485|山西-太原-古交市
23,301,2496|山西-长治-长子县
23,301,2497|山西-长治-武乡县
23,301,2498|山西-长治-沁源县
23,301,2486|山西-长治-璐州区
23,301,2487|山西-长治-郊区
23,301,2488|山西-长治-沁县
23,301,2489|山西-长治-潞城市
23,301,2490|山西-长治-长治县
23,301,2491|山西-长治-襄垣县
23,301,2492|山西-长治-屯留县
23,301,2493|山西-长治-平顺县
23,301,2494|山西-长治-黎城县
23,301,2495|山西-长治-壶关县
23,302,2499|山西-大同-城区
23,302,2500|山西-大同-云冈
23,302,2501|山西-大同-南郊区
23,302,2502|山西-大同-新荣区
23,302,2503|山西-大同-阳高县
23,302,2504|山西-大同-天镇县
23,302,2505|山西-大同-广灵县
23,302,2506|山西-大同-灵丘县
23,302,2507|山西-大同-浑源县
23,302,2508|山西-大同-左云县
23,302,2509|山西-大同-大同县
23,302,4180|山西-大同-云州区
23,302,4181|山西-大同-平城区
23,303,2512|山西-晋城-沁水县
23,303,2513|山西-晋城-阳城县
23,303,2514|山西-晋城-陵川县
23,303,2515|山西-晋城-泽州县
23,303,2510|山西-晋城-城区
23,303,2511|山西-晋城-高平市
24,320,2691|陕西-榆林-榆阳区
24,320,2692|陕西-榆林-神木县
24,320,2693|陕西-榆林-府谷县
24,320,2694|陕西-榆林-横山区
24,320,2695|陕西-榆林-靖边县
24,320,2696|陕西-榆林-定边县
24,320,2697|陕西-榆林-绥德县
24,320,2698|陕西-榆林-米脂县
24,320,2699|陕西-榆林-佳县
24,320,2700|陕西-榆林-吴堡县
24,320,2701|陕西-榆林-清涧县
24,320,2702|陕西-榆林-子洲县
24,311,4194|陕西-西安-户县
24,311,2596|陕西-西安-莲湖区
24,311,2597|陕西-西安-新城区
24,311,2598|陕西-西安-碑林区
24,311,2599|陕西-西安-雁塔区
24,311,4167|陕西-西安-鄠邑区
24,311,2600|陕西-西安-灞桥区
24,311,2601|陕西-西安-未央区
24,311,2602|陕西-西安-阎良区
24,311,2603|陕西-西安-临潼区
24,311,2604|陕西-西安-长安区
24,311,2605|陕西-西安-蓝田县
24,311,2606|陕西-西安-周至县
24,311,2608|陕西-西安-高陵区
24,312,2609|陕西-安康-汉滨区
24,312,2610|陕西-安康-汉阴县
24,312,2611|陕西-安康-石泉县
24,312,2612|陕西-安康-宁陕县
24,312,2613|陕西-安康-紫阳县
24,312,2614|陕西-安康-岚皋县
24,312,2615|陕西-安康-平利县
24,312,2616|陕西-安康-镇坪县
24,312,2617|陕西-安康-旬阳县
24,312,2618|陕西-安康-白河县
24,313,2624|陕西-宝鸡-扶风县
24,313,2625|陕西-宝鸡-眉县
24,313,2626|陕西-宝鸡-陇县
24,313,2627|陕西-宝鸡-千阳县
24,313,2628|陕西-宝鸡-麟游县
24,313,2629|陕西-宝鸡-凤县
24,313,2630|陕西-宝鸡-太白县
24,313,2619|陕西-宝鸡-陈仓区
24,313,2620|陕西-宝鸡-渭滨区
24,313,2621|陕西-宝鸡-金台区
24,313,2622|陕西-宝鸡-凤翔县
24,313,2623|陕西-宝鸡-岐山县
24,314,2640|陕西-汉中-留坝县
24,314,2641|陕西-汉中-佛坪县
24,314,2631|陕西-汉中-汉台区
24,314,2632|陕西-汉中-南郑县
24,314,2633|陕西-汉中-城固县
24,314,2634|陕西-汉中-洋县
24,314,2635|陕西-汉中-西乡县
24,314,2636|陕西-汉中-勉县
24,314,2637|陕西-汉中-宁强县
24,314,2638|陕西-汉中-略阳县
24,314,2639|陕西-汉中-镇巴县
24,315,2642|陕西-商洛-商州区
24,315,2643|陕西-商洛-洛南县
24,315,2644|陕西-商洛-丹凤县
24,315,2645|陕西-商洛-商南县
24,315,2646|陕西-商洛-山阳县
24,315,2647|陕西-商洛-镇安县
24,315,2648|陕西-商洛-柞水县
24,316,2649|陕西-铜川-耀州区
24,316,2650|陕西-铜川-王益区
24,316,2651|陕西-铜川-印台区
24,316,2652|陕西-铜川-宜君县
24,317,2656|陕西-渭南-华州区
24,317,2657|陕西-渭南-潼关县
24,317,2658|陕西-渭南-大荔县
24,317,2659|陕西-渭南-合阳县
24,317,2660|陕西-渭南-澄城县
24,317,2661|陕西-渭南-蒲城县
24,317,2662|陕西-渭南-白水县
24,317,2663|陕西-渭南-富平县
24,317,2653|陕西-渭南-临渭区
24,317,2654|陕西-渭南-韩城市
24,317,2655|陕西-渭南-华阴市
24,318,2664|陕西-咸阳-秦都区
24,318,2665|陕西-咸阳-渭城区
24,318,2666|陕西-咸阳-杨陵区
24,318,2667|陕西-咸阳-兴平市
24,318,2668|陕西-咸阳-三原县
24,318,2669|陕西-咸阳-泾阳县
24,318,2670|陕西-咸阳-乾县
24,318,2671|陕西-咸阳-礼泉县
24,318,2672|陕西-咸阳-永寿县
24,318,2673|陕西-咸阳-彬州市
24,318,2674|陕西-咸阳-长武县
24,318,2675|陕西-咸阳-旬邑县
24,318,2676|陕西-咸阳-淳化县
24,318,2677|陕西-咸阳-武功县
24,319,2688|陕西-延安-宜川县
24,319,2689|陕西-延安-黄龙县
24,319,2690|陕西-延安-黄陵县
24,319,2678|陕西-延安-吴起县
24,319,2679|陕西-延安-宝塔区
24,319,2680|陕西-延安-延长县
24,319,2681|陕西-延安-延川县
24,319,2682|陕西-延安-子长县
24,319,2683|陕西-延安-安塞区
24,319,2684|陕西-延安-志丹县
24,319,2685|陕西-延安-甘泉县
24,319,2686|陕西-延安-富县
24,319,2687|陕西-延安-洛川县
25,321,2716|上海-上海-嘉定区
25,321,2720|上海-上海-奉贤区
25,321,2721|上海-上海-崇明区
25,321,2703|上海-上海-长宁区
25,321,2704|上海-上海-闸北区
25,321,2705|上海-上海-闵行区
25,321,2706|上海-上海-徐汇区
25,321,2707|上海-上海-浦东新区
25,321,2708|上海-上海-杨浦区
25,321,2709|上海-上海-普陀区
25,321,2710|上海-上海-静安区
25,321,2711|上海-上海-卢湾区
25,321,2712|上海-上海-虹口区
25,321,2713|上海-上海-黄浦区
25,321,2714|上海-上海-南汇区
25,321,2715|上海-上海-松江区
25,321,2717|上海-上海-宝山区
25,321,2718|上海-上海-青浦区
25,321,2719|上海-上海-金山区
26,322,2722|四川-成都-青羊区
26,322,2723|四川-成都-锦江区
26,322,2724|四川-成都-金牛区
26,322,2725|四川-成都-武侯区
26,322,2726|四川-成都-成华区
26,322,2727|四川-成都-龙泉驿区
26,322,2728|四川-成都-青白江区
26,322,2729|四川-成都-新都区
26,322,2730|四川-成都-温江区
26,322,2731|四川-成都-高新区
26,322,2732|四川-成都-高新西区
26,322,2733|四川-成都-都江堰市
26,322,2734|四川-成都-彭州市
26,322,2735|四川-成都-邛崃市
26,322,2736|四川-成都-崇州市
26,322,2896|四川-成都-简阳市
26,322,2737|四川-成都-金堂县
26,322,2738|四川-成都-双流区
26,322,2739|四川-成都-郫都区
26,322,2740|四川-成都-大邑县
26,322,2741|四川-成都-蒲江县
26,322,2742|四川-成都-新津县
26,323,2753|四川-绵阳-涪城区
26,323,2754|四川-绵阳-游仙区
26,323,2755|四川-绵阳-江油市
26,323,2756|四川-绵阳-盐亭县
26,323,2757|四川-绵阳-三台县
26,323,2758|四川-绵阳-平武县
26,323,2759|四川-绵阳-安州区
26,323,2760|四川-绵阳-梓潼县
26,323,2761|四川-绵阳-北川羌族自治县
26,324,2762|四川-阿坝-马尔康市
26,324,2763|四川-阿坝-汶川县
26,324,2764|四川-阿坝-理县
26,324,2765|四川-阿坝-茂县
26,324,2766|四川-阿坝-松潘县
26,324,2767|四川-阿坝-九寨沟县
26,324,2768|四川-阿坝-金川县
26,324,2769|四川-阿坝-小金县
26,324,2770|四川-阿坝-黑水县
26,324,2771|四川-阿坝-壤塘县
26,324,2772|四川-阿坝-阿坝县
26,324,2773|四川-阿坝-若尔盖县
26,324,2774|四川-阿坝-红原县
26,325,2775|四川-巴中-巴州区
26,325,2776|四川-巴中-通江县
26,325,2777|四川-巴中-南江县
26,325,2778|四川-巴中-平昌县
26,325,4173|四川-巴中-恩阳区
26,326,2784|四川-达州-大竹县
26,326,2785|四川-达州-渠县
26,326,2779|四川-达州-通川区
26,326,2780|四川-达州-万源市
26,326,2781|四川-达州-达川区
26,326,2782|四川-达州-宣汉县
26,326,2783|四川-达州-开江县
26,327,2786|四川-德阳-旌阳区
26,327,2787|四川-德阳-广汉市
26,327,2788|四川-德阳-什邡市
26,327,2789|四川-德阳-绵竹市
26,327,2790|四川-德阳-罗江县
26,327,2791|四川-德阳-中江县
26,328,2792|四川-甘孜-康定市
26,328,2793|四川-甘孜-丹巴县
26,328,2794|四川-甘孜-泸定县
26,328,2795|四川-甘孜-炉霍县
26,328,2796|四川-甘孜-九龙县
26,328,2797|四川-甘孜-甘孜县
26,328,2798|四川-甘孜-雅江县
26,328,2799|四川-甘孜-新龙县
26,328,2800|四川-甘孜-道孚县
26,328,2801|四川-甘孜-白玉县
26,328,2802|四川-甘孜-理塘县
26,328,2803|四川-甘孜-德格县
26,328,2804|四川-甘孜-乡城县
26,328,2805|四川-甘孜-石渠县
26,328,2806|四川-甘孜-稻城县
26,328,2807|四川-甘孜-色达县
26,328,2808|四川-甘孜-巴塘县
26,328,2809|四川-甘孜-得荣县
26,329,4169|四川-广安-前锋区
26,329,2810|四川-广安-广安区
26,329,2811|四川-广安-华蓥市
26,329,2812|四川-广安-岳池县
26,329,2813|四川-广安-武胜县
26,329,2814|四川-广安-邻水县
26,330,2816|四川-广元-昭化区
26,330,2817|四川-广元-朝天区
26,330,2818|四川-广元-旺苍县
26,330,2819|四川-广元-青川县
26,330,2820|四川-广元-剑阁县
26,330,2821|四川-广元-苍溪县
26,330,2815|四川-广元-利州区
26,331,2822|四川-乐山-峨眉山市
26,331,3510|四川-乐山-市中区
26,331,2823|四川-乐山-市辖区
26,331,2824|四川-乐山-犍为县
26,331,2825|四川-乐山-井研县
26,331,2826|四川-乐山-夹江县
26,331,2827|四川-乐山-沐川县
26,331,3483|四川-乐山-沙湾区
26,331,2828|四川-乐山-峨边彝族自治县
26,331,3484|四川-乐山-五通桥区
26,331,2829|四川-乐山-马边彝族自治县
26,331,3485|四川-乐山-金口河区
26,332,2830|四川-凉山-西昌市
26,332,2831|四川-凉山-盐源县
26,332,2832|四川-凉山-德昌县
26,332,2833|四川-凉山-会理县
26,332,2834|四川-凉山-会东县
26,332,2835|四川-凉山-宁南县
26,332,2836|四川-凉山-普格县
26,332,2837|四川-凉山-布拖县
26,332,2838|四川-凉山-金阳县
26,332,2839|四川-凉山-昭觉县
26,332,2840|四川-凉山-喜德县
26,332,2841|四川-凉山-冕宁县
26,332,2842|四川-凉山-越西县
26,332,2843|四川-凉山-甘洛县
26,332,2844|四川-凉山-美姑县
26,332,2845|四川-凉山-雷波县
26,332,2846|四川-凉山-木里藏族自治县
26,333,2848|四川-眉山-仁寿县
26,333,2849|四川-眉山-彭山区
26,333,2850|四川-眉山-洪雅县
26,333,2851|四川-眉山-丹棱县
26,333,2852|四川-眉山-青神县
26,333,2847|四川-眉山-东坡区
26,334,2853|四川-南充-阆中市
26,334,2854|四川-南充-南部县
26,334,2855|四川-南充-营山县
26,334,2856|四川-南充-蓬安县
26,334,2857|四川-南充-仪陇县
26,334,2858|四川-南充-顺庆区
26,334,2859|四川-南充-高坪区
26,334,2860|四川-南充-嘉陵区
26,334,2861|四川-南充-西充县
26,335,2864|四川-内江-威远县
26,335,2865|四川-内江-资中县
26,335,2866|四川-内江-隆昌县
26,335,2862|四川-内江-市中区
26,335,2863|四川-内江-东兴区
26,336,2867|四川-攀枝花-东区
26,336,2868|四川-攀枝花-西区
26,336,2869|四川-攀枝花-仁和区
26,336,2870|四川-攀枝花-米易县
26,336,2871|四川-攀枝花-盐边县
26,337,2872|四川-遂宁-船山区
26,337,2873|四川-遂宁-安居区
26,337,2874|四川-遂宁-蓬溪县
26,337,2875|四川-遂宁-射洪县
26,337,2876|四川-遂宁-大英县
26,338,2880|四川-雅安-汉源县
26,338,2881|四川-雅安-石棉县
26,338,2882|四川-雅安-天全县
26,338,2883|四川-雅安-芦山县
26,338,2884|四川-雅安-宝兴县
26,338,2877|四川-雅安-雨城区
26,338,2878|四川-雅安-名山区
26,338,2879|四川-雅安-荥经县
26,339,2885|四川-宜宾-翠屏区
26,339,2886|四川-宜宾-叙州区
26,339,2887|四川-宜宾-南溪区
26,339,2888|四川-宜宾-江安县
26,339,2889|四川-宜宾-长宁县
26,339,2890|四川-宜宾-高县
26,339,2891|四川-宜宾-珙县
26,339,2892|四川-宜宾-筠连县
26,339,2893|四川-宜宾-兴文县
26,339,2894|四川-宜宾-屏山县
26,340,2897|四川-资阳-安岳县
26,340,2898|四川-资阳-乐至县
26,340,2895|四川-资阳-雁江区
26,341,2899|四川-自贡-大安区
26,341,2900|四川-自贡-自流井区
26,341,2901|四川-自贡-贡井区
26,341,2902|四川-自贡-沿滩区
26,341,2903|四川-自贡-荣县
26,341,2904|四川-自贡-富顺县
26,342,2905|四川-泸州-江阳区
26,342,2906|四川-泸州-纳溪区
26,342,2907|四川-泸州-龙马潭区
26,342,2908|四川-泸州-泸县
26,342,2909|四川-泸州-合江县
26,342,2910|四川-泸州-叙永县
26,342,2911|四川-泸州-古蔺县
27,343,2912|天津-天津-和平区
27,343,2913|天津-天津-河西区
27,343,2914|天津-天津-南开区
27,343,2915|天津-天津-河北区
27,343,2916|天津-天津-河东区
27,343,2917|天津-天津-红桥区
27,343,2918|天津-天津-东丽区
27,343,2919|天津-天津-津南区
27,343,2920|天津-天津-西青区
27,343,2921|天津-天津-北辰区
27,343,2922|天津-天津-塘沽区
27,343,2923|天津-天津-汉沽区
27,343,2924|天津-天津-大港区
27,343,2925|天津-天津-武清区
27,343,2926|天津-天津-宝坻区
27,343,2927|天津-天津-经济开发区
27,343,2928|天津-天津-宁河区
27,343,2929|天津-天津-静海区
27,343,2930|天津-天津-蓟州区
27,343,3442|天津-天津-滨海新区
28,344,2931|西藏-拉萨-城关区
28,344,4163|西藏-拉萨-堆龙德庆区
28,344,2932|西藏-拉萨-林周县
28,344,2933|西藏-拉萨-当雄县
28,344,2934|西藏-拉萨-尼木县
28,344,2935|西藏-拉萨-曲水县
28,344,2936|西藏-拉萨-堆龙德庆县
28,344,2937|西藏-拉萨-达孜县
28,344,2938|西藏-拉萨-墨竹工卡县
28,345,2944|西藏-阿里-改则县
28,345,2945|西藏-阿里-措勤县
28,345,2939|西藏-阿里-噶尔县
28,345,2940|西藏-阿里-普兰县
28,345,2941|西藏-阿里-札达县
28,345,2942|西藏-阿里-日土县
28,345,2943|西藏-阿里-革吉县
28,346,2946|西藏-昌都-卡若区
28,346,2947|西藏-昌都-江达县
28,346,2948|西藏-昌都-贡觉县
28,346,2949|西藏-昌都-类乌齐县
28,346,2950|西藏-昌都-丁青县
28,346,2951|西藏-昌都-察雅县
28,346,2952|西藏-昌都-八宿县
28,346,2953|西藏-昌都-左贡县
28,346,2954|西藏-昌都-芒康县
28,346,2955|西藏-昌都-洛隆县
28,346,2956|西藏-昌都-边坝县
28,347,2960|西藏-林芝-墨脱县
28,347,2961|西藏-林芝-波密县
28,347,2962|西藏-林芝-察隅县
28,347,2963|西藏-林芝-朗县
28,347,2957|西藏-林芝-巴宜区
28,347,2958|西藏-林芝-工布江达县
28,347,2959|西藏-林芝-米林县
28,348,4176|西藏-那曲-双湖县
28,348,2964|西藏-那曲-那曲县
28,348,2965|西藏-那曲-嘉黎县
28,348,2966|西藏-那曲-比如县
28,348,2967|西藏-那曲-聂荣县
28,348,2968|西藏-那曲-安多县
28,348,2969|西藏-那曲-申扎县
28,348,2970|西藏-那曲-索县
28,348,2971|西藏-那曲-班戈县
28,348,2972|西藏-那曲-巴青县
28,348,2973|西藏-那曲-尼玛县
28,349,2976|西藏-日喀则-江孜县
28,349,2977|西藏-日喀则-定日县
28,349,2978|西藏-日喀则-萨迦县
28,349,2979|西藏-日喀则-拉孜县
28,349,2980|西藏-日喀则-昂仁县
28,349,2981|西藏-日喀则-谢通门县
28,349,2982|西藏-日喀则-白朗县
28,349,2983|西藏-日喀则-仁布县
28,349,2984|西藏-日喀则-康马县
28,349,2985|西藏-日喀则-定结县
28,349,2986|西藏-日喀则-仲巴县
28,349,2987|西藏-日喀则-亚东县
28,349,2988|西藏-日喀则-吉隆县
28,349,2989|西藏-日喀则-聂拉木县
28,349,2990|西藏-日喀则-萨嘎县
28,349,2991|西藏-日喀则-岗巴县
28,349,2974|西藏-日喀则-桑珠孜区
28,349,2975|西藏-日喀则-南木林县
28,350,2992|西藏-山南-乃东县
28,350,2993|西藏-山南-扎囊县
28,350,2994|西藏-山南-贡嘎县
28,350,2995|西藏-山南-桑日县
28,350,2996|西藏-山南-琼结县
28,350,2997|西藏-山南-曲松县
28,350,2998|西藏-山南-措美县
28,350,2999|西藏-山南-洛扎县
28,350,3000|西藏-山南-加查县
28,350,3001|西藏-山南-隆子县
28,350,3002|西藏-山南-错那县
28,350,3003|西藏-山南-浪卡子县
29,352,3012|新疆-阿克苏-阿克苏市
29,352,3013|新疆-阿克苏-温宿县
29,352,3014|新疆-阿克苏-库车县
29,352,3015|新疆-阿克苏-沙雅县
29,352,3016|新疆-阿克苏-新和县
29,352,3017|新疆-阿克苏-拜城县
29,352,3018|新疆-阿克苏-乌什县
29,352,3019|新疆-阿克苏-阿瓦提县
29,352,3020|新疆-阿克苏-柯坪县
29,353,3021|新疆-阿拉尔-阿拉尔市
29,354,3024|新疆-巴音郭楞-尉犁县
29,354,3025|新疆-巴音郭楞-若羌县
29,354,3026|新疆-巴音郭楞-且末县
29,354,3027|新疆-巴音郭楞-焉耆回族自治县
29,354,3028|新疆-巴音郭楞-和静县
29,354,3029|新疆-巴音郭楞-和硕县
29,354,3030|新疆-巴音郭楞-博湖县
29,354,3022|新疆-巴音郭楞-库尔勒市
29,354,3023|新疆-巴音郭楞-轮台县
29,355,3031|新疆-博尔塔拉-博乐市
29,355,3032|新疆-博尔塔拉-精河县
29,355,3033|新疆-博尔塔拉-温泉县
29,356,3040|新疆-昌吉-吉木萨尔县
29,356,3041|新疆-昌吉-木垒哈萨克自治县
29,356,3034|新疆-昌吉-呼图壁县
29,356,3035|新疆-昌吉-米泉市
29,356,3036|新疆-昌吉-昌吉市
29,356,3037|新疆-昌吉-阜康市
29,356,3038|新疆-昌吉-玛纳斯县
29,356,3039|新疆-昌吉-奇台县
29,357,3042|新疆-哈密-伊州区
29,357,3043|新疆-哈密-伊吾县
29,357,3044|新疆-哈密-巴里坤哈萨克自治县
29,358,3045|新疆-和田-和田市
29,358,3046|新疆-和田-和田县
29,358,3047|新疆-和田-墨玉县
29,358,3048|新疆-和田-皮山县
29,358,3049|新疆-和田-洛浦县
29,358,3050|新疆-和田-策勒县
29,358,3051|新疆-和田-于田县
29,358,3052|新疆-和田-民丰县
29,359,3056|新疆-喀什-英吉沙县
29,359,3057|新疆-喀什-泽普县
29,359,3058|新疆-喀什-莎车县
29,359,3059|新疆-喀什-叶城县
29,359,3060|新疆-喀什-麦盖提县
29,359,3061|新疆-喀什-岳普湖县
29,359,3062|新疆-喀什-伽师县
29,359,3063|新疆-喀什-巴楚县
29,359,3064|新疆-喀什-塔什库尔干塔吉克自治县
29,359,3053|新疆-喀什-喀什市
29,359,3054|新疆-喀什-疏附县
29,359,3055|新疆-喀什-疏勒县
29,360,3488|新疆-克拉玛依-克拉玛依区
29,360,3489|新疆-克拉玛依-乌尔禾区
29,360,3065|新疆-克拉玛依-克拉玛依市
29,360,3486|新疆-克拉玛依-独山子区
29,360,3487|新疆-克拉玛依-白碱滩区
29,361,3066|新疆-克孜勒苏-阿图什市
29,361,3067|新疆-克孜勒苏-阿克陶县
29,361,3068|新疆-克孜勒苏-阿合奇县
29,361,3069|新疆-克孜勒苏-乌恰县
29,362,3070|新疆-石河子-石河子市
29,3466,3472|新疆-塔城地-塔城市
29,3466,3090|新疆-塔城地-托里县
29,3466,3093|新疆-塔城地-裕民县
29,3466,3094|新疆-塔城地-和布克赛尔蒙古自治县
29,3466,3081|新疆-塔城地-乌苏市
29,3466,3082|新疆-塔城地-额敏县
29,3466,3087|新疆-塔城地-沙湾县
29,363,3071|新疆-图木舒克-图木舒克市
29,3467,3089|新疆-阿勒泰地-哈巴河县
29,3467,3091|新疆-阿勒泰地-青河县
29,3467,3076|新疆-阿勒泰地-阿勒泰市
29,3467,3079|新疆-阿勒泰地-布尔津县
29,3467,3095|新疆-阿勒泰地-吉木乃县
29,3467,3083|新疆-阿勒泰地-富蕴县
29,3467,3085|新疆-阿勒泰地-福海县
29,364,3072|新疆-吐鲁番-吐鲁番市
29,364,3073|新疆-吐鲁番-鄯善县
29,364,3074|新疆-吐鲁番-托克逊县
29,364,3514|新疆-吐鲁番-高昌区
29,3468,4170|新疆-北屯-兵团一八八
29,365,3075|新疆-五家渠-五家渠市
29,3469,4185|新疆-铁门关-铁门关市
29,366,3088|新疆-伊犁-巩留县
29,366,4179|新疆-伊犁-霍尔果斯市
29,366,3092|新疆-伊犁-新源县
29,366,3077|新疆-伊犁-布克赛尔县
29,366,3078|新疆-伊犁-伊宁市
29,366,3080|新疆-伊犁-奎屯市
29,366,3096|新疆-伊犁-昭苏县
29,366,3097|新疆-伊犁-特克斯县
29,366,3098|新疆-伊犁-尼勒克县
29,366,3099|新疆-伊犁-察布查尔锡伯自治县
29,366,3084|新疆-伊犁-伊宁县
29,366,3086|新疆-伊犁-霍城县
29,3470,4177|新疆-双河-双河市
29,3471,4188|新疆-可克达拉-可克达拉市
29,4189,4190|新疆-昆玉-昆玉市
29,351,3008|新疆-乌鲁木齐-头屯河区
29,351,3009|新疆-乌鲁木齐-达坂城区
29,351,3010|新疆-乌鲁木齐-米东区
29,351,3011|新疆-乌鲁木齐-乌鲁木齐县
29,351,3004|新疆-乌鲁木齐-天山区
29,351,3005|新疆-乌鲁木齐-沙依巴克区
29,351,3006|新疆-乌鲁木齐-新市区
29,351,3007|新疆-乌鲁木齐-水磨沟区
30,367,3104|云南-昆明-东川区
30,367,3105|云南-昆明-安宁市
30,367,4193|云南-昆明-晋宁
30,367,3106|云南-昆明-呈贡区
30,367,3108|云南-昆明-富民县
30,367,4164|云南-昆明-晋宁区
30,367,3109|云南-昆明-宜良县
30,367,3110|云南-昆明-嵩明县
30,367,3111|云南-昆明-石林彝族自治县
30,367,3112|云南-昆明-禄劝彝族苗族自治县
30,367,3113|云南-昆明-寻甸回族彝族自治县
30,367,3100|云南-昆明-盘龙区
30,367,3101|云南-昆明-五华区
30,367,3102|云南-昆明-官渡区
30,367,3103|云南-昆明-西山区
30,368,3114|云南-怒江-兰坪白族普米族自治县
30,368,3115|云南-怒江-泸水市
30,368,3116|云南-怒江-福贡县
30,368,3117|云南-怒江-贡山独龙族怒族自治县
30,369,3120|云南-普洱-墨江哈尼族自治县
30,369,3121|云南-普洱-景东彝族自治县
30,369,3122|云南-普洱-景谷傣族彝族自治县
30,369,3123|云南-普洱-镇沅彝族哈尼族拉祜族自治县
30,369,3124|云南-普洱-江城哈尼族彝族自治县
30,369,3125|云南-普洱-孟连傣族拉祜族佤族自治县
30,369,3126|云南-普洱-澜沧拉祜族自治县
30,369,3127|云南-普洱-西盟佤族自治县
30,369,3118|云南-普洱-宁洱哈尼族彝族自治县
30,369,3119|云南-普洱-思茅区
30,370,3128|云南-丽江-古城区
30,370,3129|云南-丽江-宁蒗彝族自治县
30,370,3130|云南-丽江-玉龙纳西族自治县
30,370,3131|云南-丽江-永胜县
30,370,3132|云南-丽江-华坪县
30,371,3136|云南-保山-龙陵县
30,371,3137|云南-保山-昌宁县
30,371,3133|云南-保山-隆阳区
30,371,3134|云南-保山-施甸县
30,371,3135|云南-保山-腾冲市
30,372,3138|云南-楚雄-楚雄市
30,372,3139|云南-楚雄-双柏县
30,372,3140|云南-楚雄-牟定县
30,372,3141|云南-楚雄-南华县
30,372,3142|云南-楚雄-姚安县
30,372,3143|云南-楚雄-大姚县
30,372,3144|云南-楚雄-永仁县
30,372,3145|云南-楚雄-元谋县
30,372,3146|云南-楚雄-武定县
30,372,3147|云南-楚雄-禄丰县
30,373,3152|云南-大理-永平县
30,373,3153|云南-大理-云龙县
30,373,3154|云南-大理-洱源县
30,373,3155|云南-大理-剑川县
30,373,3156|云南-大理-鹤庆县
30,373,3157|云南-大理-漾濞彝族自治县
30,373,3158|云南-大理-南涧彝族自治县
30,373,3159|云南-大理-巍山彝族回族自治县
30,373,3148|云南-大理-大理市
30,373,3149|云南-大理-祥云县
30,373,3150|云南-大理-宾川县
30,373,3151|云南-大理-弥渡县
30,374,3506|云南-德宏-芒市
30,374,3160|云南-德宏-潞西市
30,374,3161|云南-德宏-瑞丽市
30,374,3162|云南-德宏-梁河县
30,374,3163|云南-德宏-盈江县
30,374,3164|云南-德宏-陇川县
30,375,3165|云南-迪庆-香格里拉市
30,375,3166|云南-迪庆-德钦县
30,375,3167|云南-迪庆-维西傈僳族自治县
30,376,3168|云南-红河-泸西县
30,376,3169|云南-红河-蒙自市
30,376,3170|云南-红河-个旧市
30,376,3171|云南-红河-开远市
30,376,3172|云南-红河-绿春县
30,376,3173|云南-红河-建水县
30,376,3174|云南-红河-石屏县
30,376,3175|云南-红河-弥勒市
30,376,3176|云南-红河-元阳县
30,376,3177|云南-红河-红河县
30,376,3178|云南-红河-金平苗族瑶族傣族自治县
30,376,3179|云南-红河-河口瑶族自治县
30,376,3180|云南-红河-屏边苗族自治县
30,377,3184|云南-临沧-永德县
30,377,3185|云南-临沧-镇康县
30,377,3186|云南-临沧-双江拉祜族佤族布朗族傣族自治县
30,377,3187|云南-临沧-耿马傣族佤族自治县
30,377,3188|云南-临沧-沧源佤族自治县
30,377,3181|云南-临沧-临翔区
30,377,3182|云南-临沧-凤庆县
30,377,3183|云南-临沧-云县
30,378,3189|云南-曲靖-麒麟区
30,378,3190|云南-曲靖-宣威市
30,378,3191|云南-曲靖-马龙县
30,378,3192|云南-曲靖-陆良县
30,378,3193|云南-曲靖-师宗县
30,378,3194|云南-曲靖-罗平县
30,378,3195|云南-曲靖-富源县
30,378,3196|云南-曲靖-会泽县
30,378,3197|云南-曲靖-沾益区
30,379,3200|云南-文山-西畴县
30,379,3201|云南-文山-麻栗坡县
30,379,3202|云南-文山-马关县
30,379,3203|云南-文山-丘北县
30,379,3204|云南-文山-广南县
30,379,3205|云南-文山-富宁县
30,379,3198|云南-文山-文山市
30,379,3199|云南-文山-砚山县
30,380,3206|云南-西双版纳-景洪市
30,380,3207|云南-西双版纳-勐海县
30,380,3208|云南-西双版纳-勐腊县
30,381,3216|云南-玉溪-新平彝族傣族自治县
30,381,3217|云南-玉溪-元江哈尼族彝族傣族自治县
30,381,3209|云南-玉溪-红塔区
30,381,3210|云南-玉溪-江川区
30,381,3211|云南-玉溪-澄江县
30,381,3212|云南-玉溪-通海县
30,381,3213|云南-玉溪-华宁县
30,381,3214|云南-玉溪-易门县
30,381,3215|云南-玉溪-峨山彝族自治县
30,382,3218|云南-昭通-昭阳区
30,382,3219|云南-昭通-鲁甸县
30,382,3220|云南-昭通-巧家县
30,382,3221|云南-昭通-盐津县
30,382,3222|云南-昭通-大关县
30,382,3223|云南-昭通-永善县
30,382,3224|云南-昭通-绥江县
30,382,3225|云南-昭通-镇雄县
30,382,3226|云南-昭通-彝良县
30,382,3227|云南-昭通-威信县
30,382,3228|云南-昭通-水富县
31,384,3243|浙江-湖州-吴兴区
31,384,3244|浙江-湖州-南浔区
31,384,3245|浙江-湖州-德清县
31,384,3246|浙江-湖州-长兴县
31,384,3247|浙江-湖州-安吉县
31,385,3248|浙江-嘉兴-南湖区
31,385,3249|浙江-嘉兴-秀洲区
31,385,3250|浙江-嘉兴-海宁市
31,385,3251|浙江-嘉兴-嘉善县
31,385,3252|浙江-嘉兴-平湖市
31,385,3253|浙江-嘉兴-桐乡市
31,385,3254|浙江-嘉兴-海盐县
31,386,3265|浙江-金华-东阳市
31,386,3266|浙江-金华-永康市
31,386,3267|浙江-金华-武义县
31,386,3268|浙江-金华-浦江县
31,386,3269|浙江-金华-磐安县
31,386,3435|浙江-金华-义乌市
31,386,3255|浙江-金华-婺城区
31,386,3256|浙江-金华-金东区
31,386,3257|浙江-金华-兰溪市
31,386,3258|浙江-金华-市辖区
31,386,3264|浙江-金华-赤岸镇
31,386,3259|浙江-金华-佛堂镇
31,386,3260|浙江-金华-上溪镇
31,386,3261|浙江-金华-义亭镇
31,386,3262|浙江-金华-大陈镇
31,386,3263|浙江-金华-苏溪镇
31,387,3270|浙江-丽水-莲都区
31,387,3271|浙江-丽水-龙泉市
31,387,3272|浙江-丽水-青田县
31,387,3273|浙江-丽水-缙云县
31,387,3274|浙江-丽水-遂昌县
31,387,3275|浙江-丽水-松阳县
31,387,3276|浙江-丽水-云和县
31,387,3277|浙江-丽水-庆元县
31,387,3278|浙江-丽水-景宁畲族自治县
31,388,3280|浙江-宁波-江东区
31,388,3281|浙江-宁波-江北区
31,388,3282|浙江-宁波-镇海区
31,388,3283|浙江-宁波-北仑区
31,388,3284|浙江-宁波-鄞州区
31,388,3285|浙江-宁波-余姚市
31,388,3286|浙江-宁波-慈溪市
31,388,3287|浙江-宁波-奉化区
31,388,3288|浙江-宁波-象山县
31,388,3289|浙江-宁波-宁海县
31,388,3279|浙江-宁波-海曙区
31,389,3477|浙江-绍兴-柯桥区
31,389,3478|浙江-绍兴-市辖区
31,389,3290|浙江-绍兴-越城区
31,389,3291|浙江-绍兴-上虞区
31,389,3292|浙江-绍兴-嵊州市
31,389,3293|浙江-绍兴-绍兴县
31,389,3294|浙江-绍兴-新昌县
31,389,3295|浙江-绍兴-诸暨市
31,390,3296|浙江-台州-椒江区
31,390,3297|浙江-台州-黄岩区
31,390,3298|浙江-台州-路桥区
31,390,3299|浙江-台州-温岭市
31,390,3300|浙江-台州-临海市
31,390,3301|浙江-台州-玉环县
31,390,3302|浙江-台州-三门县
31,390,3303|浙江-台州-天台县
31,390,3304|浙江-台州-仙居县
31,390,4172|浙江-台州-玉城街道
31,391,3310|浙江-温州-洞头区
31,391,3312|浙江-温州-平阳县
31,391,3313|浙江-温州-苍南县
31,391,3314|浙江-温州-文成县
31,391,3315|浙江-温州-泰顺县
31,391,3305|浙江-温州-鹿城区
31,391,3306|浙江-温州-龙湾区
31,391,3307|浙江-温州-瓯海区
31,391,3308|浙江-温州-瑞安市
31,391,3309|浙江-温州-乐清市
31,391,3311|浙江-温州-永嘉县
31,392,3316|浙江-舟山-定海区
31,392,3317|浙江-舟山-普陀区
31,392,3318|浙江-舟山-岱山县
31,392,3319|浙江-舟山-嵊泗县
31,393,3508|浙江-衢州-柯城区
31,393,3320|浙江-衢州-衢江区
31,393,3321|浙江-衢州-江山市
31,393,3322|浙江-衢州-常山县
31,393,3323|浙江-衢州-开化县
31,393,3324|浙江-衢州-龙游县
31,383,3232|浙江-杭州-拱墅区
31,383,3233|浙江-杭州-滨江区
31,383,3234|浙江-杭州-江干区
31,383,3235|浙江-杭州-萧山区
31,383,3236|浙江-杭州-余杭区
31,383,3237|浙江-杭州-市郊
31,383,3238|浙江-杭州-建德市
31,383,3239|浙江-杭州-富阳区
31,383,3240|浙江-杭州-临安区
31,383,3241|浙江-杭州-桐庐县
31,383,3242|浙江-杭州-淳安县
31,383,3229|浙江-杭州-西湖区
31,383,3230|浙江-杭州-上城区
31,383,3231|浙江-杭州-下城区
32,394,3328|重庆-重庆-永川区
32,394,3329|重庆-重庆-南岸区
32,394,3330|重庆-重庆-渝北区
32,394,3331|重庆-重庆-綦江区
32,394,3332|重庆-重庆-大渡口区
32,394,3333|重庆-重庆-万州区
32,394,3334|重庆-重庆-北碚区
32,394,3335|重庆-重庆-沙坪坝区
32,394,3336|重庆-重庆-巴南区
32,394,3337|重庆-重庆-涪陵区
32,394,3338|重庆-重庆-江北区
32,394,3339|重庆-重庆-九龙坡区
32,394,3340|重庆-重庆-渝中区
32,394,3341|重庆-重庆-黔江区
32,394,3342|重庆-重庆-长寿区
32,394,3343|重庆-重庆-大足区
32,394,3344|重庆-重庆-綦江县
32,394,3345|重庆-重庆-潼南区
32,394,3346|重庆-重庆-铜梁区
32,394,3347|重庆-重庆-大足县
32,394,3348|重庆-重庆-荣昌区
32,394,3349|重庆-重庆-璧山区
32,394,3350|重庆-重庆-垫江县
32,394,3351|重庆-重庆-武隆区
32,394,3352|重庆-重庆-丰都县
32,394,3353|重庆-重庆-城口县
32,394,3354|重庆-重庆-梁平区
32,394,3355|重庆-重庆-开州区
32,394,3356|重庆-重庆-巫溪县
32,394,3357|重庆-重庆-巫山县
32,394,3358|重庆-重庆-奉节县
32,394,3359|重庆-重庆-云阳县
32,394,3360|重庆-重庆-忠县
32,394,3361|重庆-重庆-石柱土家族自治县
32,394,3362|重庆-重庆-彭水苗族土家族自治县
32,394,3363|重庆-重庆-酉阳土家族苗族自治县
32,394,3364|重庆-重庆-秀山土家族苗族自治县
32,394,3325|重庆-重庆-合川区
32,394,3326|重庆-重庆-江津区
32,394,3327|重庆-重庆-南川区
